POR v1 v2 v3 infertiletype infertileduration v4 v5 Totalcycle Cycleinnewivf BasalFSH BasalE2 BasalLH HT WT BMI infertilecauses outcome AMHgroup AFCgroup previouscycle v6
1 non por 9 7 29 2 1 0.48 2 6 6 10.1 40.5 3.58 147 43.8 20.27 3 0 2 1 0 6
2 por 3 1 31 2 5 0.29 5 2 2 8.36 53.3 4.31 159 61.2 24.21 1 1 1 2 0 2
3 por 4 2 40 2 3 0.54 6 6 6 7.61 26.9 3.37 153 55.6 23.75 3 0 2 2 0 6
4 por 4 4 31 1 4 0.45 5 2 2 5.99 NA NA 159 45.3 17.92 3 1 2 2 0 2
5 por 0 0 44 2 3 0.4 2 2 2 8.61 41.9 2.76 158 60.7 24.32 5 0 2 1 0 2
6 non por 4 3 38 2 2 1.1 6 2 2 7.95 32.3 3.81 154 46.2 19.48 4 0 2 2 0 2
7 non por 1 1 33 2 2 1.04 5 1 1 6.82 59.2 4.05 154 49.1 20.7 5 0 2 2 0 1
8 non por 7 7 34 2 1 0.92 7 2 2 9.22 54.1 3.31 161 54.4 20.99 1 0 2 2 0 2
9 non por 5 4 36 1 2 0.37 4 2 2 5.38 73.7 4.17 152 49.9 21.6 5 1 2 2 0 2
10 non por 3 0 28 2 4 0.42 6 1 1 7.71 22.3 2.27 157 62.6 25.4 5 0 2 2 0 1
11 non por 2 2 34 2 10 0.62 7 1 1 4.54 39.9 5.3 152 52 22.51 5 1 2 2 0 1
12 non por 2 2 35 2 1 0.91 2 2 2 16.71 5 5.24 155 50 20.81 2 1 2 1 0 2
13 non por 5 2 32 1 5 0.76 6 3 3 12.73 7.1 5.47 158 49.8 19.95 5 0 2 2 0 3
14 non por 1 1 32 2 3 0.4 5 2 2 6.95 63.6 2.9 149 36.1 16.26 2 0 2 2 0 2
15 non por 4 4 34 2 5 0.88 5 1 1 5.98 63.2 1.46 153 49.3 21.06 5 0 2 2 0 1
16 non por 3 3 29 1 4 0.46 6 1 1 8.5 8.6 1.93 165 51.5 18.92 4 1 2 2 0 1
17 non por 5 4 39 2 7 0.76 4 2 2 3.2 51 2.48 163 65.8 24.77 5 1 2 2 0 2
18 non por 1 1 33 1 6 0.74 6 1 1 10.16 51.1 2.8 160 54 21.09 1 1 2 2 0 1
19 non por 5 5 34 1 5 1.02 5 1 1 8.33 48.8 5.57 151 45.2 19.82 2 0 2 2 0 1
20 non por 2 1 35 1 4 0.21 6 1 1 6.28 145.36 5.23 147 59.1 27.35 5 1 1 2 0 1
21 non por 6 6 36 1 6 0.68 4 1 1 4.91 33.9 0.98 153 68.2 29.13 5 1 2 2 0 1
22 por 1 1 44 1 21 0.31 2 3 3 9.3 36.1 6.22 157 52.2 21.18 2 0 2 1 0 3
23 non por 4 4 33 1 3 0.99 4 2 2 10.82 64.4 5.13 158 39.7 15.9 5 0 2 2 0 2
24 non por 3 3 37 2 5 0.64 6 1 1 12.81 40.2 6.67 153 53.2 22.73 5 0 2 2 0 1
25 non por 4 2 30 1 5 0.67 2 2 2 10.76 77.8 3.86 163 48.7 18.33 5 0 2 1 0 2
26 non por 0 0 31 1 3 0.92 5 1 1 9.44 36.2 4.94 171 61.8 21.13 5 0 2 2 0 1
27 non por 5 5 31 1 5 0.99 6 1 1 7.91 21 3.81 154 47 19.82 5 0 2 2 0 1
28 non por 2 1 31 1 7 0.8 6 1 1 9.85 121.4 3.88 162 49.9 19.01 5 1 2 2 0 1
29 non por 4 2 39 2 1 1.01 3 2 2 6.14 64 2.9 162 51.6 19.66 2 1 2 2 0 2
30 por 10 10 41 1 7 0.81 7 2 2 4.54 109 1.56 147 46.7 21.61 1 1 2 2 0 2
31 por 10 7 35 2 10 0.85 4 5 4 3.5 45 2.18 155 43.7 18.19 3 1 2 2 1 5
32 por 9 5 42 2 1 0.18 6 14 13 6.19 46 1.92 159 55.6 21.99 3 0 1 2 1 6
33 por 4 3 38 2 8 0.45 4 3 3 7.29 40 2.9 158 59.7 23.91 3 0 2 2 0 3
34 por 11 8 45 2 2 0.47 6 7 7 7.92 77 2.32 157 46.3 18.78 1 0 2 2 0 6
35 por 10 10 43 2 5 0.45 7 6 3 9.61 32 2.76 158 62 24.84 1 0 2 2 3 6
36 por 5 5 43 2 1 1.02 2 12 6 9.15 95 1.47 147 45 20.82 1 0 2 1 6 6
37 por 7 6 39 2 4 0.14 3 4 3 6.5 45.3 2.6 165 60 22.04 1 0 1 2 1 4
38 por 6 4 42 2 1 0.93 5 6 6 5.95 94.6 3.72 153 63.3 27.04 1 0 2 2 0 6
39 por 10 10 34 1 6 0.2 3 5 5 17.54 50.8 5.88 160 47.7 18.63 3 1 1 2 0 5
40 non por 8 6 36 1 6 1.03 4 6 5 11.95 36.3 6.77 164 54.4 20.23 4 1 2 2 1 6
41 por 9 5 42 2 1 0.56 3 8 8 18.5 72.7 5.19 160 55 21.48 2 0 2 2 0 6
42 por 13 13 39 1 10 0.38 2 13 12 14.08 7.6 2.48 159 62.9 24.88 5 1 2 1 1 6
43 por 8 6 45 2 2 0.79 4 16 11 6.73 44.3 3.73 151 58.6 25.7 1 0 2 2 5 6
44 por 10 8 49 1 4 0.3 5 12 7 8.32 39.3 2.13 144 54.9 26.48 5 0 1 2 5 6
45 por 3 3 41 2 3 0.48 5 3 2 8.1 29 4.26 162 47.5 18.1 5 0 2 2 1 3
46 non por 2 2 35 1 5 0.62 3 5 4 7.06 68.86 2.87 162 58 22.1 1 1 2 2 1 5
47 non por 9 6 36 1 7 0.77 7 10 9 5.21 34 3.37 166 56 20.32 1 0 2 2 1 6
48 non por 3 2 40 2 2 0.57 4 5 5 5.26 66.2 3.08 150 50.5 22.44 1 0 2 2 0 5
49 non por 6 4 38 2 2 0.41 4 6 6 8.26 59.5 5.53 148 54 24.65 2 0 2 2 0 6
50 non por 13 7 38 2 2 0.72 4 3 3 12.13 54.8 3.13 155 62 25.81 1 0 2 2 0 3
51 non por 4 4 37 2 3 0.51 3 3 3 15.79 39.6 5.18 149 52.4 23.6 5 0 2 2 0 3
52 non por 2 2 30 1 1 0.55 3 2 2 15.91 23 3.03 151 45.3 19.87 2 1 2 2 0 2
53 por 4 3 37 1 12 0.78 5 2 2 7.02 75.5 1.64 154 56.5 23.82 3 1 2 2 0 2
54 non por 2 2 31 1 3 0.46 4 1 1 9.63 39.4 4.17 150 71 31.56 5 1 2 2 0 1
55 por 0 0 34 1 8 0 2 3 3 12.18 32.2 2.29 158 57.9 23.19 3 0 1 1 0 3
56 non por 3 0 41 1 5 0.79 5 7 7 8.96 38.4 5.08 152 55.1 23.85 2 0 2 2 0 6
57 por 7 6 34 2 1 0.62 4 2 2 7.54 44 3.75 155 46.3 19.27 1 1 2 2 0 2
58 por 2 1 38 1 3 0.11 3 4 4 15.97 14.1 4.49 152 45.7 19.78 3 1 1 2 0 4
59 por 2 2 34 2 4 0.74 4 5 3 15.29 40.8 5.64 151 41.7 18.29 1 0 2 2 2 5
60 por 1 1 30 2 3 0.55 6 2 2 8.6 53.1 1.93 154 40 16.87 3 0 2 2 0 2
61 por 9 7 42 1 2 0.43 4 4 4 10.23 56 3.61 155 56.1 23.35 5 1 2 2 0 4
62 non por 3 2 39 2 9 0.56 4 3 3 6.25 32.2 2.75 162 49.4 18.82 5 1 2 2 0 3
63 por 2 1 27 1 3 0.69 4 2 2 10.46 61.5 5.38 150 42.8 19.02 3 1 2 2 0 2
64 por 6 5 36 1 11 0.49 3 7 5 8.98 16.6 4.27 171 63.7 21.78 1 0 2 2 2 6
65 por 0 0 40 2 4 0.09 4 2 1 14.72 22.9 3.83 165 73.8 27.11 5 0 1 2 1 2
66 por 0 0 37 2 2 0.02 3 3 3 12.93 16.7 3.43 147 54.1 25.04 3 0 1 2 0 3
67 por 2 0 33 1 2 0.27 3 4 4 15.4 5 2.62 148 45.6 20.82 3 0 1 2 0 4
68 por 0 0 45 2 1 0 3 1 1 15.31 62.8 5.76 167 64.4 23.09 3 0 1 2 0 1
69 por 4 4 44 2 8 0.27 1 6 6 8.93 59.9 5.89 160 59.4 23.2 1 0 1 1 0 6
70 por 0 0 35 2 7 0.73 5 5 2 7.26 23.1 5.47 166 66.2 24.02 3 0 2 2 3 5
71 por 5 4 44 2 12 0.04 2 5 2 8.98 35.7 1.05 150 56.6 25.16 3 0 1 1 3 5
72 por 4 3 40 2 2 1.08 3 1 1 10.67 28.7 4.51 150 47.1 20.93 1 0 2 2 0 1
73 por 2 1 32 2 1 0.75 5 4 4 6.42 59.6 2.91 144 42.8 20.64 3 0 2 2 0 4
74 non por 5 4 36 1 2 0.34 4 4 4 10.06 69.1 2.24 161 54.2 20.91 3 0 2 2 0 4
75 por 4 2 43 2 7 1.08 6 4 4 11.64 63.9 3.72 151 47.1 20.66 1 1 2 2 0 4
76 non por 0 0 36 2 4 0.02 3 1 1 20.57 16 6.38 154 47.8 20.16 2 0 1 2 0 1
77 por 1 1 29 2 7 0.25 4 3 1 16.2 22.2 5.39 158 62.6 25.08 1 0 1 2 2 3
78 por 4 4 41 2 5 0.52 3 6 6 8.98 82.2 3.27 158 51.8 20.75 1 1 2 2 0 6
79 non por 5 4 39 2 7 0.68 5 4 4 NA NA NA 163 62 23.34 3 0 2 2 0 4
80 por 1 0 29 1 2 0.82 4 1 1 14.92 37.51 9.14 149 38.6 17.39 3 1 2 2 0 1
81 por 10 9 34 1 1 0.13 4 5 5 9.22 82.4 4.92 159 62.4 24.68 3 1 1 2 0 5
82 por 1 0 39 2 8 0.35 3 3 3 14.32 11.4 7.4 162 54 20.58 1 0 2 2 0 3
83 non por 2 2 37 2 5 0.58 5 3 3 4.55 34 3.02 151 46.2 20.26 1 1 2 2 0 3
84 por 1 1 34 1 6 0.54 2 2 2 12.52 29.7 3.86 168 61.2 21.68 4 1 2 1 0 2
85 non por 3 3 31 2 3 0.76 4 1 1 6.87 40 2.65 156 49 20.13 1 0 2 2 0 1
86 por 3 2 42 2 2 0.71 3 2 2 7.96 50.3 4.08 159 57.6 22.78 5 0 2 2 0 2
87 por 0 0 36 2 10 0.4 2 4 3 11.74 28.86 3.27 158 55.7 22.31 3 0 2 1 1 4
88 non por 0 0 38 2 1 0.97 3 1 1 7.54 29.7 3.74 166 67.7 24.57 1 0 2 2 0 1
89 por 2 2 36 1 10 0.88 5 4 3 8.32 39.5 3.51 160 48.2 18.83 1 0 2 2 1 4
90 por 3 3 30 1 5 0.75 6 3 1 14.73 17.4 7.09 162 46 17.53 1 1 2 2 2 3
91 non por 1 0 36 2 2 0.22 5 1 1 14.61 31.7 6.37 149 47.5 21.4 5 0 1 2 0 1
92 non por 4 4 34 1 5 0.4 2 6 6 11.81 17.6 4.22 152 61.7 26.71 1 0 2 1 0 6
93 por 2 2 42 2 2 0.39 3 2 2 9.45 55.6 3.53 159 64.2 25.39 5 0 2 2 0 2
94 por 3 2 44 2 8 0.26 2 6 6 10.36 47 4.03 166 57.7 20.94 1 0 1 1 0 6
95 non por 3 3 29 1 2 0.39 6 1 1 8.66 86 3.75 152 44.8 19.39 1 0 2 2 0 1
96 por 2 2 32 1 6 0.35 4 1 1 18.79 35.3 5.17 147 44.4 20.55 1 1 2 2 0 1
97 non por 2 2 35 1 6 0.09 3 3 3 3.79 90.1 2.66 157 59.3 24.06 5 1 1 2 0 3
98 por 2 0 28 1 5 0.28 5 4 4 12.83 55.5 5.46 150 42.9 19.07 4 0 1 2 0 4
99 por 7 6 31 2 4 0.93 4 5 3 9.24 85.3 2.61 161 44.6 17.21 1 1 2 2 2 5
100 por 2 2 43 2 2 0.88 6 1 1 9.1 13 3.52 151 68.8 30.17 1 0 2 2 0 1
101 por 2 0 31 1 9 0.71 3 2 2 4.46 51.3 2.44 150 42.4 18.84 3 1 2 2 0 2
102 por 1 1 35 1 9 0.27 4 2 2 6.47 18.7 3.03 144 58 27.97 4 0 1 2 0 2
103 por 1 1 36 2 3 1 5 5 2 7.3 23.3 2.3 151 58.2 25.53 1 0 2 2 3 5
104 non por 3 2 35 2 1 0.87 7 1 1 8.55 44.2 3.39 153 50.7 21.66 1 1 2 2 0 1
105 por 3 2 29 1 2 0.34 3 1 1 8.96 89.7 4.14 158 52 20.83 3 1 2 2 0 1
106 por 0 0 43 1 16 0.16 5 1 1 4.81 57.2 3.48 155 62.6 26.06 4 0 1 2 0 1
107 por 1 1 42 2 3 0.15 3 1 1 7.32 119.8 3.48 155 53.4 22.23 1 0 1 2 0 1
108 por 1 1 43 2 1 0.21 3 3 3 8.93 19.3 5.09 159 57.7 22.82 1 0 1 2 0 3
109 por 1 1 41 2 2 0.59 5 4 1 10.12 70.6 4.84 159 58.6 23.18 1 1 2 2 3 4
110 por 0 0 34 1 7 0.24 2 1 1 22.23 5 7.71 156 49.2 20.22 5 0 1 1 0 1
111 por 4 0 42 2 17 0.73 4 2 2 8.19 36.4 2.73 158 58 23.23 4 0 2 2 0 2
112 non por 4 2 33 2 1 0.61 4 3 3 9.01 24.2 2.49 157 62.1 25.19 1 0 2 2 0 3
113 non por 3 2 39 2 7 0.83 4 2 2 5.57 57.2 3.07 158 58.6 23.47 3 1 2 2 0 2
114 por 6 3 41 2 4 0.34 3 5 5 3.68 96.9 4.59 158 52.2 20.91 1 0 2 2 0 5
115 por 2 1 43 2 1 0.32 3 3 3 11.23 31.1 8.63 166 57.5 20.87 5 0 2 2 0 3
116 por 8 8 31 1 7 0.9 5 3 3 10.41 12.5 1.14 155 46.1 19.19 1 0 2 2 0 3
117 por 5 4 32 1 2 0.97 6 3 3 6.73 340 13.22 154 45.6 19.23 3 1 2 2 0 3
118 por 0 0 30 2 2 0.08 6 5 5 6.42 404 3.95 158 49.9 19.99 1 0 1 2 0 5
119 non por 8 5 36 2 4 0.72 6 4 2 7.33 84.6 4.92 156 50 20.55 5 0 2 2 2 4
120 por 4 4 39 2 3 0.44 5 3 3 17.68 19 4.32 172 63.5 21.46 1 1 2 2 0 3
121 por 0 0 43 2 4 0.49 3 2 2 12.12 27.3 4.16 148 38.5 17.58 5 0 2 2 0 2
122 non por 0 0 35 1 11 0.38 4 2 1 7.97 96.2 7.64 155 60.6 25.22 2 0 2 2 1 2
123 por 3 2 40 2 3 0.32 4 9 6 17.17 31.4 6.41 162 55.3 21.07 3 0 2 2 3 6
124 non por 6 5 34 2 2 0.39 5 3 3 14.35 38.7 5.5 145 53 25.21 1 0 2 2 0 3
125 por 2 2 40 2 7 0.83 4 2 2 6.11 107.7 3.14 158 55.1 22.07 1 0 2 2 0 2
126 non por 12 6 35 2 4 1.04 7 2 2 8.4 35 2.18 154 50.6 21.34 1 0 2 2 0 2
127 non por 5 5 34 2 1 1.09 6 1 1 5.64 82.8 3 147 48.5 22.44 1 0 2 2 0 1
128 non por 1 1 32 1 5 0.69 6 1 1 11.58 68.9 5.26 160 46.9 18.32 3 0 2 2 0 1
129 non por 9 9 36 2 3 0.38 5 3 3 5.54 96.4 3.85 143 46.3 22.64 5 0 2 2 0 3
130 non por 1 0 38 2 14 0.53 3 3 2 4.56 102.7 3.78 163 50.5 19.01 5 0 2 2 1 3
131 por 8 6 44 2 2 0.15 2 7 5 19.62 25.7 10.28 147 51.4 23.79 1 0 1 1 2 6
132 por 1 1 38 1 14 0.02 1 2 2 20.28 40.4 9.97 158 50 20.03 2 0 1 1 0 2
133 por 0 0 44 2 14 0.62 4 1 1 8.24 45.1 3.74 152 53.6 23.2 1 0 2 2 0 1
134 por 1 0 42 2 6 0.03 2 7 3 14.3 19 3.67 158 60.2 24.11 1 0 1 1 4 6
135 non por 3 2 40 1 10 0.63 7 5 5 7.67 32.9 4.23 156 58.6 24.08 1 0 2 2 0 5
136 non por 7 6 39 2 6 1.09 6 3 3 8.85 38.5 3.52 153 67.1 28.66 2 0 2 2 0 3
137 non por 2 2 28 1 6 0.2 6 1 1 6.03 66.9 1.31 158 52.2 20.91 3 1 1 2 0 1
138 por 1 1 46 1 4 0.48 3 4 2 12.07 24.1 4.23 160 61.8 24.14 1 0 2 2 2 4
139 por 1 0 38 2 1 0.11 3 3 1 11.17 43.1 4.09 157 59.1 23.98 1 0 1 2 2 3
140 non por 5 5 31 2 3 0.8 6 1 1 6.97 34.1 7.08 157 69.7 28.28 3 1 2 2 0 1
141 por 7 4 43 1 1 0.15 4 9 9 5.39 42.9 4.24 153 47.9 20.46 5 0 1 2 0 6
142 por 0 0 38 1 12 0.24 5 3 1 11.93 44.2 4.42 163 58.2 21.91 5 0 1 2 2 3
143 por 6 5 35 2 1 0.92 3 5 5 5.55 25 2.06 170 68.1 23.56 1 0 2 2 0 5
144 por 0 0 42 2 11 0.03 2 3 2 28.62 105.47 21.08 157 60 24.34 1 0 1 1 1 3
145 por 2 1 31 2 2 0.28 5 3 3 6.51 51.9 2.38 164 58.7 21.82 3 0 1 2 0 3
146 non por 7 5 39 2 3 0.49 6 4 4 5.33 66.8 1.54 166 63.7 23.12 5 1 2 2 0 4
147 por 3 2 35 1 4 0.77 4 10 2 5.59 52.7 2.76 159 50.1 19.82 3 1 2 2 8 6
148 non por 0 0 35 1 10 0.37 6 2 2 8.86 48 4.5 164 55.9 20.78 1 0 2 2 0 2
149 por 2 2 42 2 6 0.2 7 4 4 7.53 54.1 3.13 164 62.8 23.35 1 0 1 2 0 4
150 non por 1 0 36 1 13 0.62 6 5 2 4.08 99.5 2.36 156 53.7 22.07 4 0 2 2 3 5
151 non por 3 2 39 2 9 0.55 3 2 2 8.96 67.6 8.2 162 61.3 23.36 5 0 2 2 0 2
152 non por 6 3 33 2 2 1.08 4 4 4 7.18 95.3 5 157 51.2 20.77 4 0 2 2 0 4
153 non por 2 2 32 1 3 0.9 4 1 1 9.43 40.41 3.75 156 52.4 21.53 5 1 2 2 0 1
154 por 11 9 41 2 5 0.46 6 3 3 17.75 27.1 9.8 156 52.8 21.7 1 0 2 2 0 3
155 non por 9 9 36 1 4 0.91 6 1 1 10.02 49.6 5.59 154 45.9 19.35 5 0 2 2 0 1
156 por 6 6 30 1 4 0.97 4 4 4 5.51 30.4 1.83 157 71.8 29.13 3 1 2 2 0 4
157 non por 6 5 39 1 10 0.44 3 8 6 8.37 47.1 4.08 149 50.5 22.75 1 0 2 2 2 6
158 por 11 8 43 2 1 0.54 6 4 4 7.81 26.2 4.7 173 56.9 19.01 3 0 2 2 0 4
159 non por 1 1 29 1 3 0.68 5 2 2 5.73 21.7 8.53 155 52.7 21.94 5 1 2 2 0 2
160 por 0 0 39 1 5 0.81 6 2 2 7.83 29.8 3.31 156 54.8 22.52 1 0 2 2 0 2
161 por 7 5 44 2 1 0.11 5 3 3 6.46 42.6 3.2 166 60.7 22.03 5 0 1 2 0 3
162 non por 0 0 34 2 3 0.3 3 5 5 11.88 27.5 4.76 161 45.3 17.48 5 0 1 2 0 5
163 por 1 1 39 2 10 0.51 4 1 1 9.29 47.2 3.14 156 68.4 28.11 1 0 2 2 0 1
164 por 4 3 46 1 4 0.54 3 3 3 8.43 89.8 10.33 160 55.6 21.72 5 0 2 2 0 3
165 non por 5 5 34 2 4 1.04 6 3 3 7.59 33.1 3.19 149 51.3 23.11 1 0 2 2 0 3
166 non por 4 2 30 1 6 0.11 6 2 2 8.79 56.7 3.84 150 40.5 18 5 0 1 2 0 2
167 por 4 3 40 2 1 0.59 4 3 3 7.45 68.8 3.23 155 55.4 23.06 5 0 2 2 0 3
168 por 0 0 44 1 13 0.26 4 4 2 6.22 47.2 4.12 149 72.2 32.52 1 0 1 2 2 4
169 non por 7 7 29 2 7 0.53 5 1 1 5.39 28.1 1.76 155 70.8 29.47 1 1 2 2 0 1
170 por 0 0 41 2 5 0.03 2 5 1 7.77 47.4 5.93 156 61.2 25.15 3 0 1 1 4 5
171 por 2 2 25 1 2 0.24 5 1 1 7.02 77.1 5.1 164 51.5 19.15 3 1 1 2 0 1
172 por 0 0 41 2 6 0.26 2 1 1 19.57 49.5 8.04 153 66.1 28.24 5 0 1 1 0 1
173 por 2 1 43 1 3 0.04 2 3 3 8.46 54.2 3.71 151 54.6 23.95 1 0 1 1 0 3
174 non por 2 2 37 2 12 0.9 4 1 1 7.42 41.9 3.52 160 52 20.31 1 0 2 2 0 1
175 por 3 3 42 2 2 0.83 5 1 1 8.49 51.5 3.02 166 57.7 20.94 2 1 2 2 0 1
176 por 2 2 37 2 1 0.5 5 2 1 12.65 12.8 5.52 165 62.5 22.96 1 1 2 2 1 2
177 non por 5 3 37 2 8 0.68 6 3 3 16.32 38 8.22 153 56.7 24.22 1 0 2 2 0 3
178 por 0 0 53 2 1 0 1 1 1 28.01 16.1 14.33 156 57.2 23.5 5 0 1 1 0 1
179 non por 2 2 29 2 5 0.32 1 3 3 9.17 102.6 6.83 148 41.6 18.99 1 0 2 1 0 3
180 non por 5 4 36 1 6 0.48 5 3 3 7.77 23.8 4.08 155 53.1 22.1 2 1 2 2 0 3
181 por 3 3 38 1 13 0.49 2 2 1 8.53 40.6 1.68 151 58.2 25.53 5 0 2 1 1 2
182 por 5 4 27 1 5 0.61 6 5 5 10.61 132.4 4.27 152 47.5 20.56 3 0 2 2 0 5
183 por 6 6 28 2 1 0.31 7 1 1 5.49 36.3 5.83 150 66 29.33 1 1 2 2 0 1
184 non por 0 0 31 2 7 0.11 5 2 2 7.21 16.3 2.61 154 50.5 21.29 4 0 1 2 0 2
185 por 7 6 30 1 4 0.48 5 2 2 9.27 52.7 4.96 162 54 20.58 3 1 2 2 0 2
186 por 0 0 40 2 16 0.3 5 1 1 17.34 58 7.16 167 71.9 25.78 1 0 1 2 0 1
187 por 4 2 32 1 5 0.67 6 2 1 8.89 30 3.66 153 47.9 20.46 2 0 2 2 1 2
188 por 1 1 41 2 2 0.27 1 2 2 3.62 33 2.19 158 58.1 23.27 1 0 1 1 0 2
189 por 8 7 37 1 3 0.99 4 5 5 6.96 38.3 3.1 152 58.2 25.19 4 0 2 2 0 5
190 non por 5 4 32 1 3 0.38 4 2 2 6.22 47.9 3.27 167 61.3 21.98 2 0 2 2 0 2
191 non por 2 2 35 1 7 1 5 1 1 11.92 39.5 4.99 160 52.6 20.55 1 0 2 2 0 1
192 por 7 5 43 2 2 0.56 3 1 1 6.2 73.4 2.48 161 68.9 26.58 5 0 2 2 0 1
193 non por 2 2 39 2 4 0.23 4 2 2 13.39 22.2 3.56 152 58 25.1 1 0 1 2 0 2
194 por 4 3 27 1 3 0.43 5 4 3 9.01 70.9 5.33 149 41.7 18.78 3 1 2 2 1 4
195 non por 4 3 35 1 7 0.25 4 2 2 6.19 5.9 0.1 150 42.8 19.02 1 1 1 2 0 2
196 por 7 5 44 2 13 0.11 2 8 5 9.48 32.5 6.59 168 67.3 23.84 1 0 1 1 3 6
197 non por 3 3 29 1 1 0.51 2 2 2 5.49 52 1.67 155 53.5 22.27 2 0 2 1 0 2
198 por 3 3 39 2 13 0.33 6 3 3 7.54 75.7 3.9 156 44.9 18.45 1 0 2 2 0 3
199 non por 8 6 40 2 3 0.49 3 5 5 6.94 56.7 5.72 158 62.5 25.04 5 1 2 2 0 5
200 por 2 2 35 1 5 0.6 5 5 4 4.07 83.4 2.37 156 59.4 24.41 3 0 2 2 1 5
201 non por 3 3 34 2 4 0.7 7 2 2 9.24 34.2 3.73 156 62.9 25.85 2 1 2 2 0 2
202 por 2 1 31 1 3 0.27 3 4 4 10.8 39.1 6.26 163 49 18.44 1 0 1 2 0 4
203 por 0 0 43 2 1 0.69 5 6 2 8.61 60.4 3.85 149 52.6 23.69 1 0 2 2 4 6
204 non por 3 2 22 1 2 0.67 5 2 2 4.94 42.3 2.18 157 57 23.12 1 0 2 2 0 2
205 non por 5 1 35 1 6 0.4 3 9 5 3.01 63 2.34 160 66.6 26.02 1 1 2 2 4 6
206 non por 2 2 33 1 4 1.07 3 1 1 8.06 40 3.86 164 52.5 19.52 2 0 2 2 0 1
207 por 4 3 40 1 2 0.41 5 3 3 12.43 16.8 5.3 151 48.6 21.31 1 1 2 2 0 3
208 non por 2 1 39 2 15 0.7 4 1 1 4.23 94.1 1.79 158 57 22.83 5 0 2 2 0 1
209 por 1 0 42 2 8 0.08 4 5 5 7.81 119.3 1.59 158 47.2 18.91 1 0 1 2 0 5
210 por 0 0 41 2 6 0.66 5 2 2 9.38 52.6 2.43 153 54.8 23.41 5 0 2 2 0 2
211 non por 2 2 33 2 5 0.38 2 1 1 21.01 48 5.63 155 51.3 21.35 1 1 2 1 0 1
212 non por 4 3 37 1 9 0.33 4 2 2 12.5 48.1 4.19 149 47 21.17 1 0 2 2 0 2
213 non por 4 3 38 2 1 0.84 2 1 1 7.28 55.8 3.56 155 59.6 24.81 5 0 2 1 0 1
214 non por 1 1 32 2 4 1.06 3 1 1 4.03 50.8 1.82 150 55.1 24.49 2 1 2 2 0 1
215 non por 2 1 34 1 3 0.06 3 6 6 20.91 22 3.64 162 51 19.43 5 0 1 2 0 6
216 por 0 0 40 1 10 0.1 5 1 1 33.11 27.6 14.41 161 53.3 20.56 3 0 1 2 0 1
217 por 4 2 36 2 4 0.43 7 3 3 6.88 63.1 4.7 169 63.3 22.16 4 0 2 2 0 3
218 por 6 4 44 2 7 0.61 3 5 5 11.19 16 4.08 155 48.5 20.19 5 0 2 2 0 5
219 por 4 4 31 2 8 0.94 6 2 2 6.41 65.4 2.64 158 54.3 21.75 3 0 2 2 0 2
220 por 3 1 40 2 1 0.34 4 1 1 8.45 71 3.75 158 55.9 22.39 1 0 2 2 0 1
221 por 0 0 41 2 4 0.45 2 1 1 16.22 31.3 4.02 160 50.1 19.57 1 0 2 1 0 1
222 por 2 2 38 2 3 0.39 4 1 1 4.3 35 2.33 158 58.2 23.31 1 0 2 2 0 1
223 non por 5 3 34 2 7 0.66 7 3 3 10 48.1 3.23 147 45.6 21.1 1 1 2 2 0 3
224 por 1 1 28 2 3 0.89 4 2 1 9.28 18.4 4.45 160 57.4 22.42 4 1 2 2 1 2
225 non por 0 0 27 1 3 0.36 6 1 1 7.84 39.9 7.57 153 54 23.07 5 0 2 2 0 1
226 por 1 1 41 2 8 0.33 4 2 1 9.49 60.9 7.26 156 65 26.71 4 0 2 2 1 2
227 por 4 4 34 2 0 0.78 5 1 1 7.05 80.2 3.17 159 53.2 21.04 1 1 2 2 0 1
228 por 4 4 40 2 2 0.33 6 2 2 8.72 44.4 3.67 154 55 23.19 1 0 2 2 0 2
229 non por 1 1 36 1 12 0.65 5 1 1 9.62 87.1 4.12 153 50.4 21.53 2 1 2 2 0 1
230 por 1 0 42 2 6 0.12 2 4 4 9.65 94.3 4.53 152 56.1 24.28 1 0 1 1 0 4
231 non por 5 5 34 2 4 0.69 6 2 1 6.54 56.3 1.9 150 52.4 23.29 1 1 2 2 1 2
232 non por 1 0 39 2 8 0.51 3 2 2 4.93 147.2 5.34 150 48 21.33 1 0 2 2 0 2
233 non por 5 4 42 2 14 0.28 4 1 1 7.45 88.4 3.66 164 65 24.17 1 0 1 2 0 1
234 por 0 0 40 1 19 0.71 5 2 1 6.51 31.8 2.99 154 64.3 27.11 1 0 2 2 1 2
235 non por 2 1 35 2 12 0.13 5 1 1 NA NA NA 161 48 18.52 4 0 1 2 0 1
236 por 0 0 36 1 10 0.06 4 4 1 25.35 36 7.08 158 48.5 19.43 4 0 1 2 3 4
237 por 1 1 40 2 1 0.75 4 1 1 2.86 859.7 7.37 162 50 19.05 5 0 2 2 0 1
238 por 2 1 32 1 4 0.01 3 3 3 9.52 50.1 3.82 152 60.5 26.19 5 1 1 2 0 3
239 por 1 0 37 1 6 0.26 2 4 2 9.13 55.3 3.43 159 63.2 25 5 1 1 1 2 4
240 por 5 2 37 2 3 0.87 4 9 4 8.6 37.5 3.22 149 55.8 25.13 1 0 2 2 5 6
241 por 0 0 34 2 7 0.63 7 2 1 6.93 36.72 3.47 153 54.2 23.15 1 0 2 2 1 2
242 non por 4 3 39 2 3 0.59 5 6 6 5.3 70 2.78 160 67.7 26.45 5 0 2 2 0 6
243 por 0 0 32 1 6 0.1 4 6 1 12.23 18.81 2.02 160 53.7 20.98 1 0 1 2 5 6
244 non por 0 0 37 1 1 0.8 4 5 3 10.76 71.4 4.47 152 58.9 25.49 1 0 2 2 2 5
245 non por 6 5 39 2 2 0.69 5 1 1 10.04 37 1.55 158 50 20.03 5 0 2 2 0 1
246 por 1 1 36 1 5 1.05 5 4 2 7.69 64.1 3.84 144 42.6 20.54 1 0 2 2 2 4
247 por 5 4 28 2 2 0.4 5 2 2 41.41 29.1 9.69 156 50 20.55 1 0 2 2 0 2
248 non por 2 0 39 2 10 0.72 6 1 1 7.88 58.6 4.72 161 60 23.15 2 1 2 2 0 1
249 por 3 3 32 2 2 0.69 6 2 2 6.56 45.5 2.69 157 64.4 26.13 3 1 2 2 0 2
250 por 1 1 32 2 6 0.23 4 1 1 10.49 42.1 5.97 151 50.6 22.19 1 1 1 2 0 1
251 por 2 2 31 1 6 1.03 2 5 3 15.77 70.5 5.35 159 55.4 21.91 3 0 2 1 2 5
252 non por 2 2 39 2 1 0.12 4 1 1 19.78 32.9 6.6 158 56 22.43 1 0 1 2 0 1
253 por 1 1 42 1 5 0.32 4 4 4 5.15 95.9 4.23 156 48.8 20.05 1 0 2 2 0 4
254 por 0 0 45 2 1 0.07 2 1 1 7.7 91 3.77 161 58.4 22.53 5 0 1 1 0 1
255 non por 2 2 34 1 6 1.09 4 1 1 6.24 85.8 3.12 159 55.3 21.87 3 1 2 2 0 1
256 por 2 2 45 2 3 0.15 1 5 5 17.3 58.7 9.98 154 65.2 27.49 5 0 1 1 0 5
257 por 6 4 43 2 1 0.83 6 5 5 6.08 59.6 2.8 156 66.5 27.33 4 0 2 2 0 5
258 por 4 4 46 2 15 0.75 2 5 3 12.6 41.3 7.82 160 68.1 26.6 5 0 2 1 2 5
259 por 3 1 35 2 2 0.63 3 2 2 12.73 61.9 4.63 150 53.3 23.69 1 1 2 2 0 2
260 non por 3 3 33 1 2 0.06 4 4 4 3.99 489.5 9.65 153 46.8 19.99 5 1 1 2 0 4
261 non por 2 2 29 1 3 0.9 5 1 1 8.06 61.2 3.81 164 42.7 15.88 4 1 2 2 0 1
262 por 6 6 41 2 7 0.41 6 3 2 8.05 92.9 2.99 159 65.4 25.87 4 0 2 2 1 3
263 por 7 6 43 1 1 0.41 6 2 2 11.82 89.3 5.64 160 52.7 20.59 4 0 2 2 0 2
264 por 0 0 43 2 9 0.36 4 5 5 25.3 41.3 8.14 158 50 20.03 4 0 2 2 0 5
265 non por 3 3 35 1 1 0.1 3 6 6 20.73 57.97 4.25 154 58.3 24.58 5 0 1 2 0 6
266 por 3 3 33 2 3 0.81 6 1 1 10.99 29.9 3.63 140 53.2 27.14 3 1 2 2 0 1
267 non por 4 4 36 2 2 0.95 7 1 1 5.61 39.32 5.34 165 63 23.14 2 1 2 2 0 1
268 por 3 2 44 2 2 0.16 5 3 3 13.35 49.71 3.43 147 56.4 26.1 3 0 1 2 0 3
269 non por 0 0 39 1 16 0.32 5 1 1 8.28 45 3.24 151 64.6 28.33 2 0 2 2 0 1
270 non por 8 6 32 2 4 0.29 4 5 5 5.46 31.1 3.38 152 53.4 23.11 1 1 1 2 0 5
271 por 5 5 35 1 8 0.41 4 3 2 8.6 105.67 2.43 160 65 25.39 1 0 2 2 1 3
272 por 2 1 41 2 1 0.51 5 2 2 6.16 66.5 3.45 168 64.2 22.75 1 1 2 2 0 2
273 por 5 5 34 2 1 0.72 4 1 1 6.8 48 2.67 170 62.2 21.52 2 0 2 2 0 1
274 por 5 4 36 1 8 0.82 3 5 3 11.76 53.4 3.33 158 52 20.83 5 1 2 2 2 5
275 non por 1 1 34 2 2 0.85 5 2 1 7.09 66.2 5.9 160 43.6 17.03 1 0 2 2 1 2
276 por 1 0 38 1 3 0.34 2 7 7 7.07 261.5 5.26 154 58.9 24.84 3 0 2 1 0 6
277 por 3 3 42 2 4 0.54 3 2 1 5.62 61.7 2.54 149 51.9 23.38 3 0 2 2 1 2
278 non por 8 8 26 2 3 0.65 5 1 1 10.95 76.3 3.21 156 78 32.05 1 1 2 2 0 1
279 por 5 1 39 2 17 0.73 6 5 3 9.41 40.8 3.62 155 59.5 24.77 3 0 2 2 2 5
280 por 1 0 33 1 1 0.94 5 4 4 9.59 50.3 3.35 159 48.6 19.22 3 0 2 2 0 4
281 por 1 0 41 2 2 0.82 2 4 4 6.01 52.7 3.76 162 54.8 20.88 1 0 2 1 0 4
282 por 0 0 32 2 9 0.21 5 1 1 7.89 47.5 2.54 158 44.5 17.83 3 0 1 2 0 1
283 non por 1 1 35 2 2 0.73 3 2 2 6.8 63.7 1.86 145 48.1 22.88 1 0 2 2 0 2
284 non por 4 4 37 1 1 0.59 7 2 2 13.24 35.3 6.18 148 52.8 24.11 2 1 2 2 0 2
285 por 2 2 42 2 2 0.8 6 1 1 7.21 36.9 3.88 158 51 20.43 5 0 2 2 0 1
286 por 6 3 46 2 0 0.35 3 2 2 7.5 70.9 2.59 160 59.5 23.24 5 0 2 2 0 2
287 por 0 0 45 2 6 0.13 0 3 3 11.69 5 2.15 158 50 20.03 1 0 1 1 0 3
288 non por 4 2 31 2 5 0.55 5 3 3 22.45 9.1 11.42 154 49.7 20.96 2 0 2 2 0 3
289 non por 1 0 36 2 6 0.18 4 3 2 8.95 94.65 1.77 149 56.7 25.54 4 0 1 2 1 3
290 por 4 4 49 2 10 0.86 7 2 2 8.37 12.8 3.5 154 64.4 27.15 4 0 2 2 0 2
291 non por 0 0 39 2 3 0.12 5 1 1 13.09 34.5 6.72 159 79.2 31.33 4 0 1 2 0 1
292 por 0 0 29 2 2 0.23 2 1 1 9.91 79.8 5.51 155 53 22.06 3 0 1 1 0 1
293 por 3 2 28 1 6 1 6 3 3 6.76 52.28 2.93 160 55.3 21.6 1 0 2 2 0 3
294 non por 3 2 38 2 4 0.33 4 3 1 8.5 27.9 3.63 150 47.9 21.29 2 1 2 2 2 3
295 non por 0 0 31 2 3 0.96 6 2 1 4.2 80.3 1.28 159 81.6 32.28 2 0 2 2 1 2
296 por 6 4 38 2 5 0.63 3 3 3 8.8 60.2 2.27 157 49.5 20.08 5 0 2 2 0 3
297 non por 6 5 39 2 4 0.3 4 2 2 13.87 32.7 3.48 154 50.5 21.29 1 0 1 2 0 2
298 non por 3 0 32 2 6 0.75 3 1 1 6.41 131.8 2.16 130 36.1 21.36 1 0 2 2 0 1
299 por 0 0 43 1 2 0.01 2 4 1 16.72 14 3.78 154 56.5 23.82 1 0 1 1 3 4
300 non por 1 0 36 2 1 0.34 4 9 3 15.94 29.4 4.89 150 65.1 28.93 4 0 2 2 6 6
301 por 5 4 43 2 2 0.21 2 4 4 7.82 36.7 5.58 156 55.5 22.81 5 0 1 1 0 4
302 por 5 5 40 2 4 0.38 3 3 3 8.15 33.9 2.05 150 59.2 26.31 1 1 2 2 0 3
303 non por 2 2 34 1 3 0 2 3 3 41.83 6.5 20.35 153 45.9 19.61 1 0 1 1 0 3
304 por 5 3 46 2 5 0.45 4 5 5 12.61 36 5.99 158 52 20.83 5 0 2 2 0 5
305 por 1 1 42 2 1 0.4 5 1 1 11.91 15.8 3.75 158 50.2 20.11 2 0 2 2 0 1
306 non por 3 2 35 2 2 0.7 5 2 2 8.71 62.8 4.8 149 62.5 28.15 5 0 2 2 0 2
307 por 0 0 37 1 6 0.78 6 7 1 12.53 18.9 3.41 153 48.7 20.8 1 0 2 2 6 6
308 non por 5 4 36 2 3 0.62 4 3 3 7.85 31.1 2.46 154 56.2 23.7 5 0 2 2 0 3
309 por 4 4 44 2 14 0.87 4 2 2 8.89 5.17 30.4 147 64.2 29.71 2 0 2 2 0 2
310 non por 3 1 40 2 6 0.08 3 3 3 21.45 13.3 3.93 155 60.5 25.18 1 0 1 2 0 3
311 por 3 3 46 2 15 0.25 3 3 3 11.29 31 2.56 147 65 30.08 5 0 1 2 0 3
312 por 2 2 36 1 4 0.16 5 1 1 11.45 8.8 2.7 155 55.5 23.1 3 1 1 2 0 1
313 non por 1 1 39 1 2 0.47 4 1 1 13.78 23.2 5.73 151 50.3 22.06 5 0 2 2 0 1
314 por 4 4 40 2 2 0.72 4 1 1 6.17 110.2 4.23 164 73.1 27.18 5 0 2 2 0 1
315 non por 3 1 40 2 11 0.6 6 3 3 6.88 26.1 3.15 147 53.2 24.62 2 0 2 2 0 3
316 por 2 1 42 2 9 0.74 6 4 4 8.61 46.7 4.1 163 57.3 21.57 2 0 2 2 0 4
317 non por 3 3 35 1 2 0.42 6 2 2 14.92 34 3.24 164 46.3 17.21 4 0 2 2 0 2
318 non por 2 1 38 1 7 0.9 6 5 5 8.21 80.93 4.48 159 62.8 24.84 5 0 2 2 0 5
319 por 8 5 47 1 15 0.65 3 4 4 28.72 20.8 11.19 156 56 23.01 1 0 2 2 0 4
320 por 1 1 36 1 5 0.86 6 2 2 11.37 13.2 4.36 151 82.1 36.01 1 0 2 2 0 2
321 por 0 0 37 1 2 0.36 3 2 2 4.71 186.1 6.42 160 60.9 23.79 4 0 2 2 0 2
322 por 2 1 30 2 2 0.05 2 7 4 10.29 21.5 2.99 156 73.6 30.24 1 1 1 1 3 6
323 por 3 3 34 1 6 0.5 5 2 2 8.02 156.8 3.27 150 56.1 24.93 3 1 2 2 0 2
324 por 2 1 41 1 14 0.16 3 2 2 14.55 33.7 6.57 148 56.4 25.75 2 0 1 2 0 2
325 non por 1 1 38 2 5 0.81 3 1 1 16.71 29.8 9.3 156 52 21.37 1 0 2 2 0 1
326 por 0 0 41 2 2 0.09 2 3 3 9.58 69.4 2.62 156 56 23.01 5 0 1 1 0 3
327 non por 4 4 32 2 9 0.69 4 2 2 8.42 25.1 1.62 162 82.7 31.51 5 1 2 2 0 2
328 non por 4 3 30 2 1 0.86 5 1 1 8.12 42.4 4.83 159 55.4 21.91 1 1 2 2 0 1
329 por 0 0 40 2 0 0.66 5 1 1 20.49 26.3 8.2 157 54.2 21.99 1 0 2 2 0 1
330 por 2 1 33 1 10 0.54 3 9 4 18.54 22 7.39 167 45 16.14 3 0 2 2 5 6
331 por 3 3 37 1 8 0.4 4 3 3 8.16 45.5 3.59 154 53.6 22.6 1 1 2 2 0 3
332 por 0 0 40 1 4 0.06 3 2 1 18.78 23.6 5.73 157 51.9 21.06 5 0 1 2 1 2
333 non por 4 4 37 2 10 0.8 6 5 3 8.4 27.9 2.78 154 59 24.88 3 0 2 2 2 5
334 non por 1 1 33 2 1 0.7 3 3 3 6.5 53.6 4.65 164 58 21.56 5 0 2 2 0 3
335 por 2 2 45 2 5 0.08 3 2 2 16.78 30.2 6.12 153 58.2 24.86 1 0 1 2 0 2
336 non por 3 3 34 1 5 0.7 5 2 2 12.12 99 5.36 160 49.5 19.34 1 1 2 2 0 2
337 por 1 1 43 2 3 0.59 3 4 4 13.64 56 3.5 152 47.5 20.56 2 0 2 2 0 4
338 non por 1 1 36 1 4 0.23 5 2 2 13.42 73.2 4.41 139 44.3 22.93 2 0 1 2 0 2
339 non por 0 0 38 1 13 0.09 3 1 1 2.82 641.8 3.05 170 63.1 21.83 3 0 1 2 0 1
340 por 3 2 29 1 1 1.09 3 1 1 12.12 35 6.96 156 56 23.01 3 0 2 2 0 1
341 non por 2 1 38 2 3 0.85 4 3 3 6.92 31.4 3.94 154 47.1 19.86 3 0 2 2 0 3
342 por 1 1 35 2 6 0.53 4 5 4 14.88 49.71 3.74 152 42.4 18.35 2 1 2 2 1 5
343 por 6 5 39 2 2 0.31 4 15 5 27.68 20.7 7.74 164 67.1 24.95 1 0 2 2 10 6
344 por 1 1 30 2 3 0.39 7 1 1 7.13 21.7 2.48 158 67.5 27.04 1 0 2 2 0 1
345 por 4 2 35 2 1 0.61 5 2 2 12.22 42.4 2.78 156 51.5 21.16 3 0 2 2 0 2
346 non por 5 2 35 2 3 0.62 6 2 2 5.9 55.7 3.19 162 56 21.34 3 1 2 2 0 2
347 non por 2 1 32 2 2 0.31 4 4 4 24.83 11.8 4.7 158 50.8 20.35 1 1 2 2 0 4
348 por 2 2 43 2 14 0.77 5 1 1 9.57 52.6 3.16 153 47.8 20.42 4 0 2 2 0 1
349 por 16 15 46 2 23 0.55 2 5 5 6.29 36 3.99 162 60.7 23.13 5 0 2 1 0 5
350 por 2 2 47 2 3 0.34 1 4 4 13.59 19.6 8.12 160 51.7 20.2 5 0 2 1 0 4
351 por 1 1 32 2 6 1.1 3 4 1 19.17 32.1 19.4 154 54.6 23.02 1 1 2 2 3 4
352 por 5 5 38 2 2 0.08 4 3 3 25.22 33.5 6.54 160 56.8 22.19 1 0 1 2 0 3
353 por 0 0 34 1 4 0.84 4 1 1 9.3 29.2 3.6 156 52 21.37 3 0 2 2 0 1
354 por 1 1 41 2 10 0.5 3 1 1 6.75 42 4.09 158 50.1 20.07 1 1 2 2 0 1
355 por 2 2 33 1 6 0.35 2 9 5 15.77 90.08 6.62 158 54.1 21.67 3 0 2 1 4 6
356 por 6 6 37 2 1 1.01 4 5 3 7.74 66.9 6.9 149 55.4 24.95 1 1 2 2 2 5
357 por 1 1 44 2 2 0.82 5 1 1 13.86 12 3.87 159 61.6 24.37 5 0 2 2 0 1
358 por 2 2 41 2 14 0.7 4 4 2 10.31 31.7 3.98 160 60 23.44 2 0 2 2 2 4
359 por 2 2 30 2 7 0.58 5 2 1 7.37 63.1 1.94 160 62.7 24.49 3 0 2 2 1 2
360 non por 0 0 39 2 4 0.44 3 3 3 7 32.2 4.24 150 54.2 24.09 4 0 2 2 0 3
361 por 2 2 30 2 2 0.21 6 2 2 12.82 23.9 6.84 159 80.4 31.8 1 1 1 2 0 2
362 non por 4 2 34 2 4 0.5 2 1 1 17.53 33.3 7.41 161 62.8 24.23 1 0 2 1 0 1
363 por 9 8 30 2 1 0.61 6 5 4 6.93 40.7 0.84 164 48.9 18.18 3 0 2 2 1 5
364 por 2 1 30 2 0 1 3 1 1 8.04 18.7 2.21 154 49.5 20.87 1 1 2 2 0 1
365 por 2 0 29 1 4 0.9 6 1 1 7.41 50.8 6.08 158 52.2 20.91 3 1 2 2 0 1
366 por 8 6 38 2 5 0.65 5 2 2 5.87 66.2 5.35 157 50 20.28 3 1 2 2 0 2
367 por 0 0 42 2 5 0.69 4 2 2 10.61 26.32 5.77 155 49.6 20.65 3 0 2 2 0 2
368 por 0 0 35 1 10 0.74 7 6 3 8.27 45.1 2.56 153 49.7 21.23 5 0 2 2 3 6
369 non por 2 2 34 2 8 0.74 4 2 2 8.41 23.5 3.81 159 59.3 23.46 1 0 2 2 0 2
370 non por 0 0 39 1 10 0.95 3 2 2 7.87 69.4 4.38 161 51.9 20.02 2 0 2 2 0 2
371 non por 5 4 38 1 2 0.43 2 3 3 8.23 76.2 2.04 150 46.7 20.76 5 1 2 1 0 3
372 por 5 3 40 2 5 0.98 5 5 5 10.23 10 3.71 155 56.1 23.35 1 0 2 2 0 5
373 non por 2 1 35 1 10 0.51 7 2 2 6.82 20.4 3.55 153 63.1 26.96 5 0 2 2 0 2
374 por 1 0 31 2 1 0.55 3 1 1 7.81 41.2 3.69 149 48.3 21.76 1 0 2 2 0 1
375 non por 0 0 33 2 10 0.18 5 1 1 11.6 33.7 6.11 156 45.6 18.74 1 0 1 2 0 1
376 por 6 6 38 2 13 0.87 6 3 2 2.8 71.71 2.27 152 55.6 24.07 4 1 2 2 1 3
377 por 0 0 45 2 2 0.33 2 1 1 7.55 18.1 1.9 149 58.1 26.17 5 0 2 1 0 1
378 non por 6 6 29 2 1 0.66 4 8 8 18.34 101.5 7.96 160 52 20.31 5 0 2 2 0 6
379 por 3 2 41 2 2 0.45 3 8 1 11.65 38.6 3.13 158 52.5 21.03 1 0 2 2 7 6
380 por 7 4 28 1 3 0.98 7 3 3 10.68 57.6 4.77 155 44.5 18.52 3 1 2 2 0 3
381 non por 5 4 36 1 3 0.1 5 5 5 24.98 16.4 7.41 165 64.2 23.58 1 0 1 2 0 5
382 non por 2 2 26 1 3 0.77 4 2 2 6.69 52.2 3.78 155 45 18.73 1 1 2 2 0 2
383 por 1 0 30 1 2 0.85 5 1 1 18.03 22.5 3.63 161 62.3 24.03 1 1 2 2 0 1
384 por 1 1 32 2 4 1.02 2 3 1 16.27 44.6 4.5 148 40 18.26 3 0 2 1 2 3
385 non por 0 0 36 1 11 0.32 5 1 1 9.6 71.2 2.89 155 46.3 19.27 3 0 2 2 0 1
386 non por 3 3 39 2 3 0.52 6 1 1 12.29 105.2 8.12 153 45.4 19.39 4 1 2 2 0 1
387 non por 5 5 33 1 3 0.51 6 1 1 10.23 22.6 3.53 166 63.2 22.94 5 0 2 2 0 1
388 por 0 0 35 1 3 0.56 1 1 1 15.95 29.7 5.75 163 55.3 20.81 3 0 2 1 0 1
389 por 3 3 41 2 8 0.71 6 5 3 5.47 77.7 2.25 149 69.1 31.12 3 0 2 2 2 5
390 por 2 2 31 1 4 0.02 3 1 1 22.48 38.3 11.17 149 45.2 20.36 3 1 1 2 0 1
391 non por 0 0 30 1 5 0.56 3 2 2 8.55 28 2.15 154 59 24.88 1 0 2 2 0 2
392 por 2 1 41 2 3 0.71 2 2 1 10.22 29.3 4.28 167 57 20.44 3 0 2 1 1 2
393 non por 4 3 30 1 5 0.57 7 1 1 8.1 84 6.35 168 75 26.57 1 0 2 2 0 1
394 por 0 0 36 2 4 1.1 4 2 1 5.74 32.5 3.77 150 52.8 23.47 2 0 2 2 1 2
395 por 0 0 47 2 6 0.02 2 1 1 5.83 227.7 2.29 160 62.6 24.45 1 0 1 1 0 1
396 por 0 0 46 1 2 0.06 3 1 1 28.37 286.9 43.53 155 54.5 22.68 1 0 1 2 0 1
397 por 0 0 38 1 10 0.63 6 4 1 7.53 40.4 5.25 155 47.5 19.77 4 0 2 2 3 4
398 por 1 1 32 2 1 0.25 2 1 1 10.15 44.5 4.18 155 47.2 19.65 3 1 1 1 0 1
399 non por 1 0 34 1 5 0.55 5 3 2 13.81 12.9 4.28 148 57.5 26.25 2 0 2 2 1 3
400 por 4 2 42 2 7 0.88 4 1 1 7.95 48.4 5.85 157 51.7 20.97 3 1 2 2 0 1
401 non por 8 8 33 1 11 0.97 6 2 2 7.95 57.4 3.12 157 54.5 22.11 1 0 2 2 0 2
402 non por 4 2 33 2 5 1.04 6 1 1 7.16 49.4 3.06 158 51.6 20.67 1 1 2 2 0 1
403 por 2 1 41 2 6 0.57 3 2 2 9.27 34 5.2 150 58 25.78 4 0 2 2 0 2
404 non por 4 3 30 1 3 0.55 6 4 4 3.16 46.06 1.23 169 62.4 21.85 3 0 2 2 0 4
405 por 1 1 40 2 5 0.69 4 3 3 15.1 45.2 6.5 154 52.7 22.22 1 0 2 2 0 3
406 non por 6 5 32 2 1 0.31 3 2 2 14.06 67.7 7.37 165 63.1 23.18 2 1 2 2 0 2
407 non por 2 2 31 1 4 0.54 5 1 1 1.69 268.4 2.77 159 44.5 17.6 2 1 2 2 0 1
408 por 1 1 33 2 3 0.77 5 4 1 7.08 67.5 3.19 153 45.4 19.39 3 0 2 2 3 4
409 non por 3 3 36 2 5 0.48 3 1 1 7.16 66.1 4.05 164 55 20.45 1 0 2 2 0 1
410 por 8 6 35 1 8 0.82 6 5 5 12.66 35.4 3.43 155 46 19.15 1 1 2 2 0 5
411 non por 0 0 34 2 5 0.3 4 1 1 13.04 19.9 2.73 159 57.5 22.74 1 0 1 2 0 1
412 por 1 1 41 2 5 0.3 4 2 2 8.18 50 2.85 152 58 25.1 5 0 1 2 0 2
413 por 2 2 36 1 9 0.71 4 5 2 4.16 121.4 3.01 153 58.6 25.03 3 0 2 2 3 5
414 por 1 0 47 2 5 0.19 2 2 2 9.42 27.3 3.41 166 96.4 34.98 5 0 1 1 0 2
415 por 3 3 31 2 2 0.97 3 1 1 11.54 40.3 4.9 162 52.1 19.85 1 1 2 2 0 1
416 por 0 0 44 2 1 0.34 4 1 1 6.98 45 3.21 154 52.2 22.01 5 0 2 2 0 1
417 por 2 1 24 1 2 1.06 3 1 1 13.82 39.8 4.15 154 46.3 19.52 1 1 2 2 0 1
418 por 5 5 31 1 5 0.31 2 3 2 31.41 5 8.91 163 41.7 15.69 5 1 2 1 1 3
419 non por 2 0 34 1 2 0.87 5 1 1 8.5 50.3 5.62 155 48.7 20.27 1 0 2 2 0 1
420 por 3 3 41 1 2 0.42 4 1 1 9.26 28.1 5.5 158 61.2 24.52 3 0 2 2 0 1
421 por 1 0 40 2 3 0.15 6 3 3 12.75 76.3 5.19 154 51.3 21.63 1 0 1 2 0 3
422 por 2 2 31 1 2 0.44 3 1 1 6.12 33.1 2.66 155 66 27.47 1 0 2 2 0 1
423 non por 0 0 29 1 3 0.14 2 1 1 29.74 15.14 4.23 158 51.5 20.63 5 0 1 1 0 1
424 non por 1 1 28 2 4 0.38 5 3 1 16.2 15.4 5.56 157 50.2 20.37 3 0 2 2 2 3
425 non por 4 4 35 2 2 0.36 4 7 5 14.3 32.1 5.77 161 56.6 21.84 5 0 2 2 2 6
426 non por 4 2 35 2 8 0.76 6 4 1 9.21 65.9 2.6 160 52.6 20.55 1 1 2 2 3 4
427 por 4 4 41 2 7 0.66 5 4 4 8.07 64 1.58 154 58 24.46 3 1 2 2 0 4
428 por 2 1 37 2 3 1.07 4 3 3 6.57 49.7 2.42 155 52.2 21.73 1 0 2 2 0 3
429 por 2 2 45 2 2 0.63 5 6 1 9.42 12 3.56 158 58 23.23 5 0 2 2 5 6
430 non por 4 4 37 2 1 0.8 4 3 3 11.22 28.8 5.45 164 65.1 24.2 5 0 2 2 0 3
431 por 1 0 41 2 1 0.14 3 2 2 22.75 5 7.87 153 54.6 23.32 1 0 1 2 0 2
432 non por 2 1 24 1 1 0.59 3 3 3 12.18 39 4.3 159 43.4 17.17 5 0 2 2 0 3
433 non por 3 3 37 2 3 0.52 6 1 1 13.2 16.3 5 156 44.5 18.29 5 0 2 2 0 1
434 non por 1 0 29 1 2 0.81 4 2 2 8.91 33.4 2.75 153 54 23.07 2 0 2 2 0 2
435 non por 1 1 30 1 2 0.5 6 1 1 1.9 101.6 2.18 151 59.3 26.01 5 0 2 2 0 1
436 por 2 2 30 1 5 0.18 4 2 1 7.45 50.2 5.12 149 50.1 22.57 1 0 1 2 1 2
437 por 0 0 40 2 3 0.08 1 1 1 25.61 50.26 7.96 161 58.5 22.57 1 0 1 1 0 1
438 por 0 0 42 2 1 0.68 3 1 1 8.53 13.6 4.63 156 65 26.71 1 0 2 2 0 1
439 por 0 0 41 1 10 0.5 5 3 1 8.59 104 2.04 164 62 23.05 1 0 2 2 2 3
440 non por 0 0 32 1 7 0.5 3 1 1 23.24 5 5.28 155 50.8 21.14 1 0 2 2 0 1
441 por 3 2 34 1 8 1.09 5 10 2 10.23 52.5 5.42 158 54.1 21.67 1 0 2 2 8 6
442 por 3 2 45 2 2 0.1 2 3 3 14.97 20.2 6.95 158 55 22.03 5 0 1 1 0 3
443 por 4 3 40 2 3 0.64 7 3 1 9.37 25 4.94 164 59.6 22.16 3 1 2 2 2 3
444 por 2 2 43 1 2 1.09 4 1 1 15.88 6.94 41.6 154 44.9 18.93 1 0 2 2 0 1
445 non por 2 0 32 1 9 0.6 4 3 3 4.88 77.7 3.38 159 57.6 22.78 1 1 2 2 0 3
446 por 1 1 40 2 0 0.38 6 2 2 13.6 25.5 4.78 167 64 22.95 1 0 2 2 0 2
447 non por 1 1 37 1 4 0.09 5 2 2 27.66 5 7.64 153 62 26.49 1 0 1 2 0 2
448 non por 0 0 39 2 7 0.84 7 2 2 7.77 5 5.06 143 46.6 22.79 4 0 2 2 0 2
449 non por 4 2 31 1 1 0.12 3 4 4 20.48 5 3.92 163 60.1 22.62 5 0 1 2 0 4
450 por 0 0 43 1 3 0.11 2 3 2 12.29 96 9.76 158 48.9 19.59 5 0 1 1 1 3
451 por 0 0 43 2 0 0.3 3 1 1 12.04 30 4.53 152 59.1 25.58 1 0 1 2 0 1
452 non por 0 0 37 2 2 0.62 4 1 1 19.28 15.2 11.67 161 46.5 17.94 5 0 2 2 0 1
453 non por 2 2 33 1 3 0.75 5 1 1 6.98 56.2 2.92 158 51 20.43 5 1 2 2 0 1
454 por 3 2 41 1 5 0.91 4 5 4 9.6 45.1 3.16 163 58.4 21.98 1 0 2 2 1 5
455 por 2 0 45 2 18 0.53 1 2 2 15.42 5 7.56 156 46.5 19.11 1 0 2 1 0 2
456 non por 4 4 40 2 9 0.43 6 3 3 12.02 23.4 4.55 150 72 32 5 0 2 2 0 3
457 non por 1 1 35 2 8 0.52 5 8 1 6.47 60.5 2.47 159 59.8 23.65 1 0 2 2 7 6
458 por 3 2 24 1 2 0.62 7 2 2 16.23 10.6 5.7 162 50.6 19.28 1 1 2 2 0 2
459 non por 4 3 37 2 10 0.38 3 6 2 10.9 34.7 3.05 152 54 23.37 1 0 2 2 4 6
460 non por 4 4 29 1 6 1.06 7 4 1 19.69 5 4.44 156 50.5 20.75 2 1 2 2 3 4
461 non por 1 1 38 1 4 0.41 4 3 3 14.08 32.1 3.83 157 53.2 21.58 1 0 2 2 0 3
462 por 3 3 31 2 1 0.59 5 4 1 8.77 42.6 4.77 142 47.8 23.71 1 1 2 2 3 4
463 por 2 2 41 2 11 0.27 5 2 2 17.82 46.9 5.89 154 56.3 23.74 5 0 1 2 0 2
464 por 0 0 44 2 6 0.22 5 1 1 12.76 25.8 5.43 159 59.5 23.54 1 0 1 2 0 1
465 por 3 2 29 1 1 0.66 4 3 3 7.39 35.8 6.69 152 47.2 20.43 3 1 2 2 0 3
466 por 7 4 26 2 6 0.83 4 3 2 25.8 25 8.2 154 48.8 20.58 1 1 2 2 1 3
467 por 2 2 45 1 2 0.47 3 1 1 11.64 19.3 6.88 158 69.3 27.76 5 0 2 2 0 1
468 por 2 2 33 1 7 0.59 6 1 1 12.66 52.7 4.4 150 39.5 17.56 1 1 2 2 0 1
469 por 3 1 40 1 7 0.09 3 6 2 2.83 161.2 4.16 141 43.5 21.88 1 0 1 2 4 6
470 por 0 0 35 1 8 0.32 3 1 1 17.26 78.1 7.73 161 51.4 19.83 3 0 2 2 0 1
471 por 0 0 44 1 1 0.41 4 1 1 8.11 183.5 4.25 151 44.8 19.65 2 0 2 2 0 1
472 non por 3 3 38 2 1 0.69 2 3 2 7.72 55.1 4.71 162 65.6 25 1 0 2 1 1 3
473 por 2 1 28 1 6 0.4 6 1 1 9.6 27.4 5.24 155 47.1 19.6 3 0 2 2 0 1
474 non por 3 2 29 1 3 0.24 1 6 6 6.16 30.03 2.63 161 63.1 24.34 5 0 1 1 0 6
475 non por 3 3 29 1 7 0.41 2 5 5 4.49 61.5 2.03 158 58.9 23.59 1 1 2 1 0 5
476 por 1 1 37 1 4 0.2 4 1 1 9.26 10.7 3.61 149 45.6 20.54 3 1 1 2 0 1
477 non por 2 2 36 1 6 0.41 5 1 1 15.1 34.8 5.02 153 48.9 20.89 1 1 2 2 0 1
478 por 0 0 38 2 2 0.27 5 4 1 20.08 11.3 8.2 166 52.1 18.91 1 0 1 2 3 4
479 non por 6 6 39 2 11 0.54 7 3 3 9.58 33.9 4.58 162 57.1 21.76 3 0 2 2 0 3
480 por 4 4 33 1 3 0.34 3 9 8 9.93 36.1 6.33 159 60.7 24.01 3 1 2 2 1 6
481 por 5 4 36 1 2 0.97 4 1 1 9 23.2 7.52 154 40.2 16.95 3 1 2 2 0 1
482 por 1 1 41 2 2 0.92 5 1 1 14.75 40.4 8.35 156 52.6 21.61 1 0 2 2 0 1
483 por 5 3 42 2 1 0.46 6 1 1 7.46 51.4 3.7 160 69.2 27.03 3 0 2 2 0 1
484 por 0 0 31 2 5 0.6 4 7 2 9.16 28.89 5.14 158 57.5 23.03 1 0 2 2 5 6
485 non por 2 1 35 2 4 0.53 2 2 2 2.74 304.7 1.19 159 56.4 22.31 1 0 2 1 0 2
486 non por 2 1 37 2 12 1.09 5 4 4 13.84 66 8.99 158 53.3 21.35 1 0 2 2 0 4
487 por 5 4 41 2 4 0.88 7 1 1 6.88 28.54 5.7 154 59 24.88 5 1 2 2 0 1
488 por 2 2 41 1 3 0.41 5 5 2 10.87 44.6 4.69 152 45.9 19.87 2 1 2 2 3 5
489 non por 4 3 34 2 5 0.3 5 3 3 6.06 31 2.01 158 47.4 18.99 5 1 1 2 0 3
490 non por 0 0 34 1 7 0.17 1 2 2 23.27 23.5 9.43 151 44 19.3 5 0 1 1 0 2
491 por 1 1 32 1 2 0.53 4 4 2 10.03 13.3 4.57 151 46.7 20.48 2 1 2 2 2 4
492 por 1 1 32 1 6 0.04 3 4 2 6.46 6.5 94.8 151 52.7 23.11 3 0 1 2 2 4
493 por 4 3 35 2 4 0.86 5 3 3 6.95 44.3 7.65 154 50.8 21.42 3 0 2 2 0 3
494 non por 1 1 35 1 2 0.31 4 1 1 25.67 23 10.18 157 44.5 18.05 5 0 2 2 0 1
495 por 0 0 43 2 7 1.04 4 11 2 7.6 25.2 6.1 167 57.2 20.51 2 0 2 2 9 6
496 por 1 1 43 2 15 0.47 3 1 1 7.15 29.2 2.66 160 64 25 2 0 2 2 0 1
497 non por 1 0 38 1 3 0.27 4 2 2 9.18 62.1 3.44 159 56.9 22.51 4 0 1 2 0 2
498 non por 0 0 34 1 5 0.07 2 3 3 7.1 51.5 4.08 157 59.2 24.02 5 0 1 1 0 3
499 non por 1 1 39 2 17 0.46 5 4 2 8.28 35.3 2.7 161 64.8 25 4 0 2 2 2 4
500 por 0 0 29 1 2 0.59 7 1 1 11.19 49 5.58 150 48.7 21.64 3 1 2 2 0 1
501 por 0 0 39 2 10 0.25 1 1 1 8.85 35.4 3.72 156 62.5 25.68 1 0 1 1 0 1
502 non por 3 2 40 2 1 0.71 5 3 3 7.27 52.2 3.4 166 56 20.32 1 0 2 2 0 3
503 por 4 4 41 2 11 0.34 4 4 4 10.63 60.1 3.93 153 60.2 25.72 5 0 2 2 0 4
504 por 4 4 35 2 12 0.36 5 1 1 11.72 37 3.64 154 49.4 20.83 1 1 2 2 0 1
505 por 0 0 46 2 3 0.05 4 1 1 15.92 12.7 4.73 148 54.4 24.84 1 0 1 2 0 1
506 por 4 4 24 1 2 0.89 6 1 1 9.14 48.3 3.86 165 70.2 25.79 3 1 2 2 0 1
507 por 3 3 42 2 0 0.63 4 2 2 7.74 177.8 2.4 156 52 21.37 3 0 2 2 0 2
508 por 1 1 44 2 16 0.61 7 6 2 12.68 39 6.85 156 58.7 24.12 1 0 2 2 4 6
509 non por 0 0 35 1 8 0.59 7 1 1 11.9 16.1 2.82 160 52.6 20.55 4 0 2 2 0 1
510 por 0 0 40 2 13 0.07 3 1 1 3.54 43.7 3.33 170 60 20.76 1 0 1 2 0 1
511 non por 0 0 30 1 2 0.57 3 5 5 10.34 84.19 4.23 157 50.3 20.41 1 0 2 2 0 5
512 por 2 2 33 1 7 0.35 5 8 6 6.38 49.8 1.35 151 61.4 26.93 1 0 2 2 2 6
513 por 2 1 44 2 3 0.63 2 4 4 12.46 20 6.16 151 55 24.12 1 0 2 1 0 4
514 por 1 1 42 1 7 0.69 5 1 1 9.44 27.4 4.11 150 66.9 29.73 1 1 2 2 0 1
515 por 3 2 41 2 2 0.64 5 7 4 7.38 42 3.33 155 59.3 24.68 1 0 2 2 3 6
516 por 2 2 39 2 2 0.23 4 2 2 17.14 22.8 6.12 159 62.9 24.88 1 0 1 2 0 2
517 por 6 3 24 1 3 1.04 7 2 2 11.41 68.8 4.48 159 53.1 21 1 1 2 2 0 2
518 por 2 0 44 2 6 0.01 2 7 7 34.77 11.7 21.26 157 60.4 24.5 5 0 1 1 0 6
519 por 3 2 40 2 1 0.7 4 1 1 10 98.5 10.54 160 45.5 17.77 2 0 2 2 0 1
520 por 5 4 35 2 2 0.3 6 3 3 8.18 66.3 3.73 161 52.1 20.1 1 0 1 2 0 3
521 non por 6 3 34 1 4 0.78 3 3 3 10.38 32 2.59 157 52.6 21.34 5 0 2 2 0 3
522 non por 4 4 38 2 1 0.65 7 3 1 NA NA NA 165 65.6 24.1 4 0 2 2 2 3
523 non por 2 2 31 1 2 0.66 2 1 1 10.46 43.5 10.21 158 39.5 15.82 5 1 2 1 0 1
524 por 0 0 43 2 20 0.37 5 2 2 8.21 33.1 2.48 158 56 22.43 4 0 2 2 0 2
525 por 0 0 34 1 9 0.72 7 7 2 11.12 22.7 3.35 161 63.3 24.42 1 0 2 2 5 6
526 non por 2 2 30 1 6 0.83 2 1 1 16.38 89.1 6.56 159 54 21.36 5 0 2 1 0 1
527 por 2 2 29 2 2 0.89 4 4 4 13.85 21.3 5.79 156 54.7 22.48 1 0 2 2 0 4
528 por 1 1 35 2 7 0.55 4 1 1 6.04 48.5 1.9 146 51 23.93 1 0 2 2 0 1
529 non por 2 2 37 2 5 0.21 4 3 3 8.36 11.2 5.69 170 72.1 24.95 1 0 1 2 0 3
530 por 4 0 41 2 6 0.93 5 7 4 6.89 26.7 4.73 154 61.8 26.06 1 0 2 2 3 6
531 por 3 1 36 2 0 0.08 3 4 4 16.24 88.1 6.38 152 44.9 19.43 1 0 1 2 0 4
532 non por 2 2 31 1 1 0.56 5 4 4 9.41 39 5.34 156 49.4 20.3 5 1 2 2 0 4
533 por 5 4 40 2 1 0.76 3 4 3 11.84 25.21 2.06 156 45.9 18.86 3 1 2 2 1 4
534 non por 4 4 37 1 4 0.48 4 3 3 4.68 41 1.41 163 79.2 29.81 3 0 2 2 0 3
535 non por 2 2 38 2 3 0.32 4 3 3 10.55 35.2 3.72 155 60.1 25.02 3 0 2 2 0 3
536 non por 2 2 37 2 2 0.5 3 1 1 10.14 14.2 2.13 153 48.8 20.85 5 1 2 2 0 1
537 por 0 0 45 2 2 0.4 6 2 2 15.25 44.6 5.41 159 50.8 20.09 5 0 2 2 0 2
538 non por 2 2 28 1 2 0.83 5 1 1 8.22 64.1 3.18 160 48.5 18.95 5 0 2 2 0 1
539 non por 5 4 39 2 8 0.92 6 3 1 13.3 58.5 8.43 155 52.5 21.85 5 0 2 2 2 3
540 por 2 1 36 1 4 0.61 5 3 2 9.61 24.6 3.38 156 63.9 26.26 1 1 2 2 1 3
541 por 1 0 38 1 13 0.12 4 6 6 8.27 144.41 5.44 162 54.9 20.92 5 0 1 2 0 6
542 por 1 1 34 1 7 0.18 3 3 1 11.09 13.43 3.96 159 52.5 20.77 3 0 1 2 2 3
543 por 1 0 33 2 5 0.75 4 2 1 9.69 43.9 4.19 152 52.6 22.77 1 0 2 2 1 2
544 non por 3 2 35 2 2 0.46 1 3 3 4.48 61.6 4.19 160 49.6 19.38 3 0 2 1 0 3
545 por 7 4 33 2 4 0.68 7 1 1 7.31 54 4.85 158 46.8 18.75 3 1 2 2 0 1
546 non por 5 3 37 1 1 0.33 2 4 4 16.92 46.5 10.22 154 49.1 20.7 5 0 2 1 0 4
547 por 4 4 45 2 3 0.24 3 3 3 9.03 55.5 2.52 156 57.8 23.75 5 0 1 2 0 3
548 non por 2 2 29 1 2 0.95 6 1 1 7.64 61.8 3.27 157 45.3 18.38 1 1 2 2 0 1
549 por 4 3 40 1 14 0.87 4 5 4 8.79 31.4 3.22 154 54.6 23.02 1 0 2 2 1 5
550 por 1 1 43 2 4 0.09 1 11 2 8.19 56.2 4.61 164 64.2 23.87 3 0 1 1 9 6
551 por 4 4 44 2 4 0.92 6 3 3 8.46 15.3 4.49 158 69.4 27.8 5 0 2 2 0 3
552 por 2 1 37 2 4 0.86 4 5 2 8.01 61.5 3.28 161 53.8 20.76 1 0 2 2 3 5
553 por 4 4 34 2 7 0.12 4 4 4 2.27 118.2 2.01 150 35.1 15.6 3 1 1 2 0 4
554 por 3 2 42 2 6 0.31 2 3 3 6.32 102.2 3.37 166 60.1 21.81 1 0 2 1 0 3
555 por 0 0 45 2 1 0.44 2 1 1 9.9 35.3 5.32 160 60 23.44 4 0 2 1 0 1
556 non por 1 1 30 2 1 0.23 3 3 3 13.41 37 4.97 160 52 20.31 2 0 1 2 0 3
557 por 3 3 25 2 0 0.73 5 1 1 8.77 20.4 4.23 153 38.3 16.36 1 0 2 2 0 1
558 non por 2 2 34 1 1 0.33 2 5 2 40.5 25.5 17.64 166 51.8 18.8 5 0 2 1 3 5
559 non por 1 1 37 2 3 0.79 6 1 1 18.82 8.6 4.7 155 55 22.89 5 0 2 2 0 1
560 por 1 1 41 2 4 0 2 2 2 18.63 13.2 6.38 159 55.7 22.03 5 0 1 1 0 2
561 por 0 0 42 2 14 0.79 5 4 3 12.26 26.9 6.44 154 48.6 20.49 1 0 2 2 1 4
562 por 6 6 33 1 9 0.94 6 1 1 10.57 40.1 2.84 156 53.9 22.15 1 1 2 2 0 1
563 por 0 0 41 2 6 0.85 6 1 1 8.45 35.5 3.51 151 48.7 21.36 2 0 2 2 0 1
564 por 4 2 43 2 11 0.44 4 8 4 13.53 60 5.36 160 62.7 24.49 2 0 2 2 4 6
565 por 4 4 32 1 5 0.31 2 3 3 16.27 14.5 9.65 162 52.2 19.89 4 1 2 1 0 3
566 por 0 0 33 1 8 0.85 3 1 1 5.97 40.5 2.59 150 45.6 20.27 2 0 2 2 0 1
567 por 3 3 33 2 7 0.56 5 1 1 5.04 16.3 3.88 157 56 22.72 1 1 2 2 0 1
568 por 4 3 39 1 2 0.75 5 5 5 12.19 20.5 3.91 152 48.6 21.04 3 0 2 2 0 5
569 por 2 1 41 2 8 0.44 3 3 3 9.73 25.5 1.88 157 71.3 28.93 2 0 2 2 0 3
570 por 0 0 33 1 5 0.38 5 2 2 27.23 22.15 12.25 151 55 24.12 3 0 2 2 0 2
571 por 2 2 44 2 1 0.39 4 2 1 6.84 43.3 4.84 160 77.2 30.16 5 0 2 2 1 2
572 por 2 2 43 2 4 0.77 5 3 3 16.17 32.9 4.84 153 57 24.35 2 0 2 2 0 3
573 por 2 1 41 2 6 0.08 3 4 4 14.21 29.7 6.27 158 60 24.03 5 0 1 2 0 4
574 por 2 1 40 1 6 0.13 1 13 3 53.11 5 5 159 47 18.59 3 0 1 1 10 6
575 por 12 8 41 2 11 0.8 3 4 4 13.44 30.8 8.01 151 45 19.74 1 0 2 2 0 4
576 por 1 1 41 2 8 0.77 3 1 1 10.02 46.6 2.27 151 42 18.42 5 0 2 2 0 1
577 non por 0 0 34 2 4 0 3 1 1 7.65 38.1 2.67 154 67.2 28.34 5 0 1 2 0 1
578 por 1 0 36 2 6 0.31 3 3 3 14.03 16.4 4.84 166 72.5 26.31 3 0 2 2 0 3
579 non por 2 0 32 1 6 0.43 5 6 3 14.21 18.6 4.98 154 52.5 22.14 1 0 2 2 3 6
580 por 3 2 35 1 2 0.96 4 2 2 11.01 62.9 3.47 163 62.1 23.37 5 1 2 2 0 2
581 por 0 0 43 1 5 0.37 3 2 1 16.04 12.6 5.17 155 56.3 23.43 5 0 2 2 1 2
582 por 0 0 33 1 3 0 3 2 2 17.32 16.3 7.24 161 53.4 20.6 3 0 1 2 0 2
583 por 0 0 39 1 6 0.31 4 8 4 12.92 97.3 9.53 155 46.9 19.52 5 0 2 2 4 6
584 por 1 1 45 2 2 0.63 5 1 1 9.43 23.7 3.39 154 48.9 20.62 5 0 2 2 0 1
585 non por 0 0 33 1 9 0.24 5 2 1 10.79 77 4.31 156 57.3 23.55 5 0 1 2 1 2
586 por 7 5 41 2 12 0.57 5 6 2 21 26.7 6.8 155 53 22.06 2 0 2 2 4 6
587 non por 2 1 32 1 4 0.28 3 2 2 9.79 177 2.51 156 47 19.31 5 0 1 2 0 2
588 por 6 4 41 1 4 0.41 7 3 3 9.29 48.5 4.07 156 53.1 21.82 1 0 2 2 0 3
589 por 2 2 44 1 10 0.69 3 2 2 7.51 61.3 5.98 153 46.6 19.91 5 1 2 2 0 2
590 non por 2 2 33 1 4 0.17 4 4 1 7.43 120 8.18 166 58.3 21.16 3 0 1 2 3 4
591 non por 1 1 35 1 11 0.71 6 3 1 6.02 30.2 3.01 161 65.5 25.27 1 0 2 2 2 3
592 non por 2 1 26 1 1 0.88 4 3 3 3.13 113.2 3.08 165 56.1 20.61 1 0 2 2 0 3
593 por 0 0 38 1 4 0.43 3 4 1 13.75 5 1.66 153 52 22.21 2 0 2 2 3 4
594 por 4 3 33 1 8 0.46 3 2 2 5.92 52.3 7.18 153 48.7 20.8 4 1 2 2 0 2
595 non por 1 1 37 2 0 0.4 3 2 2 12.21 28.5 3.53 160 63.1 24.65 1 0 2 2 0 2
596 por 7 3 40 2 1 1.03 6 6 3 7.76 54 2.17 148 65.7 29.99 5 0 2 2 3 6
597 por 6 5 32 1 3 0.78 5 4 2 16.91 44.9 12.28 158 55.9 22.39 1 0 2 2 2 4
598 por 4 4 40 2 1 0.39 4 3 3 10.97 15.6 3.62 150 52.3 23.24 4 0 2 2 0 3
599 por 2 1 32 2 1 0.45 4 4 2 17.21 32.07 9.95 152 43.1 18.65 5 0 2 2 2 4
600 por 7 7 41 2 6 0.79 5 2 2 10.63 23 4.43 151 62 27.19 1 0 2 2 0 2
601 por 0 0 44 2 1 0.05 3 2 2 6.3 67.2 6.69 146 52.8 24.77 5 0 1 2 0 2
602 por 1 1 41 2 7 0.6 5 5 1 8.45 31.8 3.3 152 45.4 19.65 5 0 2 2 4 5
603 por 1 1 41 2 4 0.19 5 1 1 12.23 66 3.02 158 51 20.43 1 0 1 2 0 1
604 non por 5 3 34 1 2 0.88 3 5 5 9.48 49.2 5.13 159 50.8 20.09 5 1 2 2 0 5
605 por 6 6 45 2 12 0.32 2 7 7 10.58 90.9 3.76 161 57.5 22.18 5 0 2 1 0 6
606 non por 1 1 35 2 1 0.32 3 3 3 32.43 5 9.76 158 52 20.83 5 0 2 2 0 3
607 por 0 0 30 1 7 0.37 2 2 1 18.14 24.9 5.44 148 42.9 19.59 5 0 2 1 1 2
608 por 0 0 37 1 5 0.01 2 2 1 18.78 32.1 5.98 167 60.4 21.66 5 0 1 1 1 2
609 por 0 0 40 1 7 0.48 2 1 1 3.63 190.6 3.09 149 50.2 22.61 3 0 2 1 0 1
610 non por 3 2 38 1 3 0.21 3 2 2 7.45 39 2.58 153 63.4 27.08 5 1 1 2 0 2
611 por 3 1 41 2 2 0.25 4 5 3 6.96 101.7 3.63 150 56.2 24.98 1 0 1 2 2 5
612 por 7 6 35 2 0 0.85 7 1 1 9.78 14.1 3.89 157 50.9 20.65 1 1 2 2 0 1
613 por 7 6 30 2 1 0.13 3 2 2 12.19 30.6 3.6 158 52.7 21.11 1 0 1 2 0 2
614 non por 6 6 29 2 2 0.54 5 1 1 12.21 47.7 4.5 158 62.4 25 5 1 2 2 0 1
615 por 2 2 38 2 1 0.95 4 4 1 10.67 21.1 2.83 161 58.4 22.53 1 0 2 2 3 4
616 non por 1 0 38 1 10 0.83 4 1 1 10.24 52.7 3.89 158 64.4 25.8 5 0 2 2 0 1
617 por 2 2 39 2 6 0.1 3 4 4 30.68 9.6 8.94 153 39 16.66 1 0 1 2 0 4
618 por 2 1 36 1 12 0.24 3 3 1 11.09 43.2 3.26 155 71.5 29.76 1 1 1 2 2 3
619 non por 1 1 35 2 6 0.31 3 5 2 30.25 16.8 4.76 150 50.5 22.44 5 1 2 2 3 5
620 por 3 3 38 2 8 0.91 4 6 2 10.82 103.3 4.45 153 52.9 22.6 1 0 2 2 4 6
621 non por 3 2 36 1 6 0.58 7 1 1 6.63 24.9 5.89 156 57.5 23.63 1 0 2 2 0 1
622 non por 6 6 35 1 6 0.81 6 2 2 12.02 51.3 4.98 155 45.9 19.11 1 0 2 2 0 2
623 por 2 2 45 2 1 0.4 6 3 3 9.73 58.4 3.42 145 52.1 24.78 1 0 2 2 0 3
624 por 4 3 40 2 5 0.26 3 3 3 8.1 57.9 4.73 152 49.8 21.55 5 0 1 2 0 3
625 non por 1 1 27 1 1 0.81 3 1 1 6.77 118.3 2.16 158 50.1 20.07 1 0 2 2 0 1
626 por 5 5 32 1 4 0.85 6 1 1 8.48 39.7 2.37 152 57.2 24.76 1 1 2 2 0 1
627 por 4 2 42 2 4 0.29 5 9 5 4.81 71.8 1.93 152 67.4 29.17 5 0 1 2 4 6
628 por 3 2 44 2 1 0.8 5 1 1 9 48.1 3.29 154 66.5 28.04 5 0 2 2 0 1
629 non por 6 3 37 2 2 0.39 4 2 2 13.41 74.5 4.94 165 69 25.34 1 1 2 2 0 2
630 por 4 4 34 2 3 0.39 5 5 2 27.16 14 9.45 152 57 24.67 1 0 2 2 3 5
631 por 0 0 38 1 3 0.64 4 2 2 8.97 173 5.89 158 51.3 20.55 3 0 2 2 0 2
632 por 5 4 35 1 3 0.58 6 1 1 7.25 88.6 5.47 161 57.4 22.14 3 1 2 2 0 1
633 por 1 1 42 2 3 0.71 4 1 1 17.41 38.3 6 156 56 23.01 5 0 2 2 0 1
634 non por 2 2 38 2 0 0.93 5 1 1 4.14 80 4.14 155 64.2 26.72 1 1 2 2 0 1
635 non por 1 1 35 2 3 0.71 4 7 1 16.51 29.6 11.91 161 56.8 21.91 1 0 2 2 6 6
636 non por 1 0 39 2 5 0.69 4 2 2 10.63 23 4.02 156 64.4 26.46 1 0 2 2 0 2
637 non por 0 0 29 1 10 0.33 1 2 2 9.94 101.7 3.54 160 61.8 24.14 1 0 2 1 0 2
638 non por 0 0 34 1 14 0.78 4 1 1 7.29 33.61 5.66 150 40 17.78 1 0 2 2 0 1
639 por 1 1 36 2 8 0.57 5 4 2 6.43 44.1 1.39 150 48.9 21.73 1 1 2 2 2 4
640 non por 2 2 30 1 5 0.09 3 2 2 10.02 21.2 5.43 160 49.9 19.49 1 0 1 2 0 2
641 por 1 1 40 2 2 1 5 4 1 6.72 115.7 3.19 160 45.9 17.93 3 1 2 2 3 4
642 por 3 3 36 2 3 0.91 3 6 2 7.29 28.7 2.61 152 49.3 21.34 3 0 2 2 4 6
643 non por 0 0 28 1 1 0.94 6 2 2 7.9 20.1 5.23 157 52.8 21.42 2 0 2 2 0 2
644 por 5 4 36 2 6 0.67 3 7 1 12.68 61.1 5.61 164 59.3 22.05 3 0 2 2 6 6
645 por 1 1 41 2 13 0.98 3 6 4 10.25 39.1 4.93 164 62.7 23.31 1 0 2 2 2 6
646 por 4 2 41 1 19 0.14 5 6 2 8.05 113.4 4.69 161 66.8 25.77 1 0 1 2 4 6
647 por 2 1 30 1 6 0.75 3 4 4 7.96 92.7 2.69 158 50.2 20.11 3 0 2 2 0 4
648 non por 1 0 39 1 9 0.07 4 1 1 11.67 119.3 4.68 141 45.8 23.04 5 0 1 2 0 1
649 por 1 1 45 1 1 0.93 3 1 1 11.11 30 8.19 158 61.4 24.6 5 0 2 2 0 1
650 non por 0 0 27 1 3 0.81 5 1 1 9.98 16.4 2.44 164 53 19.71 5 0 2 2 0 1
651 non por 3 3 34 2 5 0 2 3 3 49.74 26.9 16.21 164 55.9 20.78 3 0 1 1 0 3
652 por 3 3 44 2 4 1.1 5 2 2 10.4 77.71 3.93 155 62.4 25.97 5 0 2 2 0 2
653 por 2 1 36 1 2 0.16 2 2 2 23.92 51.9 5.91 151 60.9 26.71 3 0 1 1 0 2
654 por 1 1 34 2 1 0.24 5 2 2 11.68 53.2 3.81 165 61.7 22.66 3 0 1 2 0 2
655 non por 6 3 35 2 8 0.31 6 3 3 14.1 118.5 6.73 164 43.8 16.28 5 1 2 2 0 3
656 non por 3 3 39 2 3 0.85 1 3 3 12.05 51.5 4.18 156 52 21.37 5 0 2 1 0 3
657 por 2 2 36 1 4 0.58 4 3 3 11.87 71.8 3.76 148 43 19.63 1 1 2 2 0 3
658 por 4 4 44 2 1 0.55 3 3 3 8.67 56.2 3.88 153 49.4 21.1 1 1 2 2 0 3
659 por 0 0 40 2 6 0.66 3 1 1 11.8 49.1 4.5 149 49.4 22.25 2 0 2 2 0 1
660 non por 1 1 38 2 3 0.85 5 1 1 5.62 400.4 3.68 154 56.4 23.78 1 1 2 2 0 1
661 por 4 4 43 2 5 0.52 4 1 1 10.93 37.6 4.27 155 64.9 27.01 5 0 2 2 0 1
662 por 4 3 42 2 0 0.47 5 1 1 13.31 22.3 6.54 159 49 19.38 5 0 2 2 0 1
663 por 0 0 45 2 3 0.76 6 1 1 12.92 41.1 4.41 158 59.9 23.99 5 0 2 2 0 1
664 por 2 2 29 1 3 0.9 4 2 1 7.67 88.6 4.85 158 58.4 23.39 4 0 2 2 1 2
665 por 2 2 32 1 7 0.21 3 3 2 10.45 57.6 3.86 157 46.3 18.78 4 0 1 2 1 3
666 non por 2 2 39 2 1 0.97 3 2 2 5.14 90.9 2.99 156 52 21.37 1 0 2 2 0 2
667 non por 2 2 38 2 8 0.36 5 1 1 13.06 66.4 3.75 167 54.9 19.69 1 1 2 2 0 1
668 por 1 1 43 2 2 0.24 4 3 3 6.92 63.9 2.88 155 52.7 21.94 1 0 1 2 0 3
669 por 0 0 41 2 8 0.63 2 1 1 12.66 9.2 5.58 160 74.3 29.02 1 0 2 1 0 1
670 por 5 5 33 1 6 0.49 5 1 1 10.7 61.3 1.99 164 62.1 23.09 3 0 2 2 0 1
671 non por 2 2 39 2 8 0.97 6 3 2 10.83 51.4 3.9 167 60 21.51 1 0 2 2 1 3
672 por 3 3 36 1 6 0.07 2 6 2 8.09 129.7 4.15 157 61.1 24.79 1 0 1 1 4 6
673 non por 5 5 35 2 2 1.09 6 3 2 7.95 68.5 2.47 152 45.4 19.65 4 0 2 2 1 3
674 non por 3 3 32 2 7 0.08 4 3 3 6.02 84.1 1.3 151 46.7 20.48 3 0 1 2 0 3
675 por 2 0 41 2 4 0.1 3 2 2 7.73 28.85 2.07 155 75.3 31.34 1 0 1 2 0 2
676 non por 2 2 34 2 3 0.53 4 2 2 7.18 20.5 2.78 160 60.2 23.52 5 1 2 2 0 2
677 por 5 1 35 1 6 0.61 5 3 2 7.19 21.5 4.3 156 52 21.37 2 0 2 2 1 3
678 por 5 2 31 2 6 0.71 4 1 1 6.95 114.3 2.82 159 54.3 21.48 3 1 2 2 0 1
679 por 4 3 37 2 6 0.61 3 5 4 17.58 17.3 4.99 160 63.8 24.92 3 0 2 2 1 5
680 por 1 1 31 1 3 0.34 6 1 1 9.68 43.9 3.73 159 52.9 20.92 3 1 2 2 0 1
681 non por 3 3 30 1 9 0.61 6 2 2 12.86 23.7 5.52 154 47.5 20.03 5 1 2 2 0 2
682 non por 6 5 37 1 11 0.57 4 1 1 7.99 70.1 3.18 152 55.4 23.98 2 0 2 2 0 1
683 por 0 0 45 2 2 0.5 2 5 4 11.64 22.9 3.21 157 49.3 20 5 0 2 1 1 5
684 non por 0 0 37 2 4 0.86 5 2 2 5.12 30.2 1.06 153 69.9 29.86 3 0 2 2 0 2
685 por 0 0 36 2 6 0.61 5 1 1 14.56 64.6 4.08 150 47.2 20.98 3 0 2 2 0 1
686 non por 2 2 37 2 9 0.16 4 4 4 17.31 22.3 14.25 156 82.8 34.02 1 1 1 2 0 4
687 non por 1 1 31 2 1 0.34 6 4 1 11.95 122.2 4.57 161 46.2 17.82 1 0 2 2 3 4
688 por 2 2 37 2 3 0.46 4 4 3 10.73 34.3 3.5 145 40 19.02 3 1 2 2 1 4
689 non por 3 1 37 1 14 0.62 5 1 1 6.3 32.4 3.62 154 53 22.35 1 0 2 2 0 1
690 por 2 1 41 2 13 0.21 1 3 3 11.46 107.6 4.8 156 55.1 22.64 1 0 1 1 0 3
691 por 3 2 35 2 0 0.33 2 4 3 19.9 40.5 7.97 153 45.8 19.57 3 1 2 1 1 4
692 por 0 0 35 2 6 0.18 4 7 2 26.58 19.6 5.45 158 55.8 22.35 3 0 1 2 5 6
693 non por 1 1 38 2 1 0.59 7 1 1 6.53 29.3 2.82 151 60.8 26.67 4 1 2 2 0 1
694 non por 0 0 31 1 5 1.09 7 1 1 8.6 74.6 3.71 159 57.1 22.59 3 0 2 2 0 1
695 non por 3 3 39 1 6 0.76 5 4 4 8.72 63 4.6 164 66.3 24.65 1 0 2 2 0 4
696 por 0 0 41 2 4 0 3 1 1 NA NA NA 156 51.3 21.08 5 0 1 2 0 1
697 non por 5 5 39 2 9 0.8 5 2 2 4.76 40.3 4.62 159 56.1 22.19 1 1 2 2 0 2
698 non por 2 1 40 1 2 0.39 4 4 4 7.86 97.7 5.56 146 46.7 21.91 5 0 2 2 0 4
699 por 1 1 40 2 7 0.21 4 2 1 9.39 39.2 5.07 157 55.6 22.56 3 1 1 2 1 2
700 non por 3 3 35 1 8 0.36 5 3 1 5.37 34.9 1.27 152 50.9 22.03 4 0 2 2 2 3
701 non por 4 4 30 1 1 0.15 3 1 1 9.53 7.7 1.38 155 61.2 25.47 5 0 1 2 0 1
702 non por 5 3 28 2 1 0.86 6 2 2 8.37 69.6 5.35 162 54.3 20.69 1 0 2 2 0 2
703 por 1 1 45 2 6 0.78 3 5 4 17.06 29.5 8.32 150 69 30.67 5 0 2 2 1 5
704 por 1 0 41 2 3 1.06 5 4 2 13.05 14.7 3.25 151 51.5 22.59 1 0 2 2 2 4
705 non por 2 2 35 1 11 0.15 2 1 1 12.35 15.5 5.65 152 48.7 21.08 1 0 1 1 0 1
706 non por 2 1 35 2 2 1.09 7 1 1 6.62 19.7 2.78 160 52 20.31 1 1 2 2 0 1
707 non por 0 0 35 1 6 0.56 4 3 1 11.87 45.6 2.47 150 52.8 23.47 3 0 2 2 2 3
708 por 2 2 44 2 16 0.74 4 1 1 6.64 20.3 3.63 154 66.5 28.04 3 0 2 2 0 1
709 non por 0 0 38 2 2 0.12 1 1 1 10.17 96.3 4.51 150 46.2 20.53 5 0 1 1 0 1
710 non por 1 1 36 2 1 0.09 4 1 1 9.72 23.9 3.3 158 61 24.44 5 0 1 2 0 1
711 por 1 1 43 2 7 0.62 3 4 4 12.82 28.4 2.49 162 72.2 27.51 5 0 2 2 0 4
712 por 0 0 46 2 0 0.08 3 1 1 8.57 65.8 6.46 161 62.2 24 5 0 1 2 0 1
713 non por 1 0 37 2 2 0.63 6 3 2 6.3 46.4 2.25 170 62 21.45 5 0 2 2 1 3
714 por 2 2 43 2 1 1 4 3 3 8.58 20 3.84 147 51.2 23.69 1 1 2 2 0 3
715 por 0 0 33 2 10 0.45 2 2 1 13.83 38.2 7.27 156 56.3 23.13 3 0 2 1 1 2
716 non por 2 2 26 1 5 1.05 5 3 3 6.78 37.2 3.69 164 49.3 18.33 5 0 2 2 0 3
717 non por 1 1 36 1 5 0.34 3 4 3 9.11 96.5 3.86 156 54 22.19 1 0 2 2 1 4
718 non por 3 3 35 2 6 0.71 5 5 3 6 60.2 2.98 167 68.9 24.71 1 0 2 2 2 5
719 non por 2 1 38 1 10 0.55 3 3 3 14.62 13.3 6.87 152 49 21.21 1 0 2 2 0 3
720 non por 5 3 33 2 3 0.64 4 1 1 7.56 5 0.79 155 65.6 27.3 3 1 2 2 0 1
721 por 1 1 43 2 2 0.6 3 1 1 9.16 61.88 4.76 160 47.6 18.59 5 0 2 2 0 1
722 non por 3 1 33 2 1 0.56 2 2 2 11.47 37.1 2.82 156 53.2 21.86 5 0 2 1 0 2
723 por 1 1 32 1 7 0.7 3 2 2 6.15 58.3 6.55 163 52 19.57 3 0 2 2 0 2
724 por 1 1 38 1 8 0.32 4 1 1 5.06 9 4.12 158 50.8 20.35 1 1 2 2 0 1
725 por 0 0 40 1 14 0.43 3 1 1 18.07 17.1 6.51 155 54 22.48 1 0 2 2 0 1
726 por 2 2 33 1 8 1.07 4 1 1 5.99 5.02 124.3 158 79.5 31.85 1 1 2 2 0 1
727 por 1 0 40 2 8 0.2 3 2 2 9.2 25.7 3.29 161 63 24.3 4 0 1 2 0 2
728 por 0 0 31 1 7 0.58 3 2 2 7.24 74.4 4.31 162 46.2 17.6 3 0 2 2 0 2
729 por 1 1 37 2 2 0.34 3 4 4 11.99 18.7 5.8 158 60 24.03 1 0 2 2 0 4
730 por 4 4 41 2 0 0.79 2 9 2 7.29 20.4 3.33 152 53.2 23.03 1 0 2 1 7 6
731 por 0 0 33 2 8 0.68 4 4 4 11.45 50.5 6.85 158 49.8 19.95 1 0 2 2 0 4
732 por 1 1 37 2 5 0.66 3 5 2 11.95 84.3 6.44 160 52 20.31 1 0 2 2 3 5
733 por 0 0 27 2 0 0.56 6 3 3 4.4 124 3.62 151 48.1 21.1 1 0 2 2 0 3
734 non por 2 2 37 1 1 0.27 1 2 2 16.24 34.4 10.87 168 60 21.26 5 0 1 1 0 2
735 non por 4 4 37 2 3 0.53 4 2 2 5.2 39.7 1.33 153 45.8 19.57 3 0 2 2 0 2
736 por 5 5 32 2 9 0.97 5 2 1 12.38 15.7 8.52 158 51.6 20.67 1 0 2 2 1 2
737 por 4 4 41 2 2 0.56 5 1 1 6.57 38.4 3.1 155 53.2 22.14 1 0 2 2 0 1
738 non por 0 0 34 2 6 0.11 1 1 1 6.85 284 5.43 161 46.4 17.9 5 0 1 1 0 1
739 por 8 7 44 2 1 0.41 6 3 2 6.61 66.2 2.45 162 62.4 23.78 1 0 2 2 1 3
740 non por 1 0 35 1 4 0.01 2 7 4 13.14 25.6 2.83 164 61.7 22.94 4 0 1 1 3 6
741 non por 0 0 39 2 7 0.02 3 1 1 7.23 46.5 3.02 149 58.2 26.22 4 0 1 2 0 1
742 por 2 2 40 2 1 0.37 5 7 1 6.3 36.3 1.74 158 61 24.44 1 1 2 2 6 6
743 non por 1 1 39 2 8 0.99 3 2 2 4.99 40.9 3.2 154 64.8 27.32 5 0 2 2 0 2
744 por 1 1 40 2 3 0.59 4 4 1 9.85 35.4 3.97 153 60.4 25.8 4 0 2 2 3 4
745 por 2 2 37 2 3 0.09 4 2 2 16.81 17.9 5.84 147 57.6 26.66 1 0 1 2 0 2
746 non por 3 3 32 1 10 0.35 3 3 3 6.34 22.6 1.22 147 49 22.68 2 1 2 2 0 3
747 non por 1 1 34 1 1 0.06 1 2 2 14.23 56 10.6 166 65.7 23.84 5 0 1 1 0 2
748 non por 2 2 32 2 4 0.61 3 2 2 18.32 38.6 8.72 150 42 18.67 5 0 2 2 0 2
749 por 1 1 41 2 12 0.83 2 2 2 10.4 28.2 6.68 154 52.8 22.26 5 0 2 1 0 2
750 por 2 0 32 1 3 0.16 6 5 3 6.13 154 4.19 153 50.1 21.4 5 0 1 2 2 5
751 non por 0 0 36 2 7 0.49 3 4 2 7.84 26.7 2.25 147 54 24.99 1 0 2 2 2 4
752 non por 2 2 34 2 1 0.59 7 1 1 9.86 49.8 5.06 159 51.2 20.25 1 1 2 2 0 1
753 por 2 2 28 1 4 0.56 7 1 1 11.16 18.3 6.4 169 53 18.56 3 1 2 2 0 1
754 non por 4 1 32 2 7 0.96 4 1 1 9 57 2.31 158 47.6 19.07 3 0 2 2 0 1
755 non por 6 6 37 2 6 0.54 4 1 1 16.6 29.6 5.99 148 50 22.83 1 1 2 2 0 1
756 por 1 1 40 2 8 0.25 4 1 1 15.13 18 7.07 153 57.1 24.39 1 0 1 2 0 1
757 por 1 0 35 1 10 0.03 2 5 2 16.29 38.78 6.96 156 54.4 22.35 3 0 1 1 3 5
758 por 4 4 40 2 0 0.3 2 6 4 6.09 43.9 2.3 158 50.5 20.23 3 0 1 1 2 6
759 por 0 0 45 2 2 0.15 2 3 3 7.23 61.2 2.37 155 51.9 21.6 5 0 1 1 0 3
760 non por 0 0 34 1 4 1.07 5 3 3 7 51.9 3.25 148 40 18.26 2 0 2 2 0 3
761 por 5 5 44 2 1 0.31 4 4 4 12.4 16 5.24 150 51 22.67 1 0 2 2 0 4
762 non por 0 0 32 1 6 0.21 2 4 4 16.95 11.5 4.36 159 73 28.88 5 0 1 1 0 4
763 non por 2 1 39 2 3 1.04 5 1 1 6.61 46 1.95 155 48.2 20.06 5 0 2 2 0 1
764 non por 2 2 37 2 8 0.9 6 3 1 4.51 82.8 2.37 147 49.7 23 1 0 2 2 2 3
765 por 5 3 27 1 3 0.96 5 1 1 5.79 62.47 4.21 156 48.9 20.09 5 0 2 2 0 1
766 por 2 1 43 2 6 0.7 6 3 1 3.58 169.4 2.49 149 63 28.38 1 0 2 2 2 3
767 non por 4 4 29 2 3 1.02 7 2 2 5.85 125.4 3.46 156 49.7 20.42 1 0 2 2 0 2
768 non por 1 0 40 1 6 0.83 4 2 2 8.8 69.9 4.78 153 54.2 23.15 1 0 2 2 0 2
769 non por 2 2 33 2 2 0.63 4 1 1 10.03 30.1 5.51 161 63 24.3 1 1 2 2 0 1
770 por 0 0 36 2 5 0.48 5 1 1 14.7 54.3 5.29 158 47.5 19.03 3 0 2 2 0 1
771 non por 3 3 38 2 5 0.48 2 2 2 25.35 22 7.23 158 56 22.43 5 1 2 1 0 2
772 non por 1 1 29 1 2 0.59 5 1 1 10.89 59.1 3.84 151 37.2 16.32 2 1 2 2 0 1
773 non por 3 3 37 2 3 1.05 7 1 1 7.03 87.86 3.76 154 45 18.97 5 1 2 2 0 1
774 por 1 1 42 2 7 0.49 3 5 3 20.93 25 10.29 169 63 22.06 1 0 2 2 2 5
775 por 2 1 40 2 1 0.29 5 2 2 7.12 71.7 2.62 156 54.6 22.44 1 1 1 2 0 2
776 non por 0 0 39 2 3 0.63 6 2 2 6.24 29.3 4.1 158 69.7 27.92 5 0 2 2 0 2
777 por 2 2 34 2 5 0.86 5 1 1 8.88 46.7 3.64 163 52.5 19.76 1 0 2 2 0 1
778 por 0 0 42 2 11 0.26 5 2 2 11.4 29 7.67 155 61.1 25.43 1 0 1 2 0 2
779 por 0 0 41 2 9 0.35 5 11 1 17.92 28 6.17 153 47.6 20.33 3 0 2 2 10 6
780 por 0 0 32 2 6 0.51 3 2 1 5.18 49.4 1.81 156 56.7 23.3 1 0 2 2 1 2
781 non por 2 0 31 1 3 0.9 4 1 1 8.37 74.6 6.17 152 49.2 21.3 5 0 2 2 0 1
782 non por 3 3 38 2 2 1 4 1 1 9.84 48.8 4.89 163 57.3 21.57 5 0 2 2 0 1
783 non por 0 0 29 1 5 0.05 2 2 2 8.34 11.6 2.24 155 57 23.73 5 0 1 1 0 2
784 por 0 0 41 2 4 0.76 7 3 3 6.89 14.96 4.12 156 75.5 31.02 1 0 2 2 0 3
785 non por 0 0 33 1 12 0.65 7 1 1 12.29 101.9 5.39 151 40.2 17.63 3 0 2 2 0 1
786 por 0 0 31 2 5 0.82 6 3 1 8.48 62.2 4.07 153 62.3 26.61 1 0 2 2 2 3
787 non por 1 1 38 2 4 0.92 7 1 1 5.46 22.7 1.34 153 58.3 24.9 1 1 2 2 0 1
788 por 3 1 41 2 3 0.72 7 1 1 4.08 72.3 2.76 156 52.4 21.53 5 0 2 2 0 1
789 por 1 1 45 2 1 0.79 4 2 1 11.85 24.6 7.53 162 71 27.05 5 0 2 2 1 2
790 non por 1 1 38 2 12 0.27 2 2 2 8.36 92.3 1.46 158 45.6 18.27 1 0 1 1 0 2
791 non por 7 6 32 2 1 0.67 4 3 3 6.27 38 3.11 167 47 16.85 2 0 2 2 0 3
792 por 4 3 35 2 5 0.89 4 2 2 6.46 64.7 4.13 148 49.2 22.46 1 1 2 2 0 2
793 por 0 0 45 2 2 0.56 3 1 1 7.98 32.37 2.76 154 71 29.94 1 0 2 2 0 1
794 por 1 1 33 2 4 0.12 1 2 2 17.68 70.3 8.4 157 58.2 23.61 3 0 1 1 0 2
795 por 2 0 38 1 9 0.43 4 8 2 24.95 23.3 5.38 156 54.4 22.35 1 0 2 2 6 6
796 non por 4 3 37 1 1 0.87 6 2 2 9.55 22.6 5.21 160 52 20.31 5 1 2 2 0 2
797 por 3 2 31 2 2 0.49 3 1 1 5.9 31.4 3.12 154 70.4 29.68 1 1 2 2 0 1
798 por 4 4 44 2 1 1.02 5 1 1 8.29 39.8 4.97 163 66.1 24.88 3 0 2 2 0 1
799 non por 4 2 33 2 9 0.37 5 1 1 7.55 10 4.35 151 43.2 18.95 5 0 2 2 0 1
800 por 4 3 27 2 3 0.64 4 2 2 7.06 37.1 2.11 147 44 20.36 1 1 2 2 0 2
801 por 2 2 35 2 3 0.14 2 1 1 9.55 68.9 4.03 148 53.7 24.52 1 1 1 1 0 1
802 non por 2 2 31 2 1 0.91 5 1 1 5.64 48.8 5.2 150 58 25.78 5 1 2 2 0 1
803 por 2 2 43 1 7 0.78 5 3 3 19.32 24.2 5.8 160 62.1 24.26 4 0 2 2 0 3
804 por 2 1 36 2 9 0.64 3 4 1 10.22 50.1 5.76 154 55.8 23.53 5 0 2 2 3 4
805 por 2 1 32 2 2 0.96 5 3 2 10.1 72 2.76 145 37.3 17.74 1 0 2 2 1 3
806 por 2 2 32 2 1 0.56 3 2 2 13.07 62.3 3.53 153 44.7 19.1 3 1 2 2 0 2
807 por 2 2 41 2 2 0.81 5 3 3 6.84 57.1 3.83 153 47.1 20.12 3 0 2 2 0 3
808 por 4 4 40 1 3 0.64 5 1 1 4.76 126.4 5.63 156 54 22.19 1 0 2 2 0 1
809 por 2 1 35 1 2 0.53 3 3 2 8.4 36.5 2.7 147 48 22.21 2 0 2 2 1 3
810 por 1 0 44 2 1 0.96 5 1 1 20.78 34.6 6.28 160 55 21.48 5 0 2 2 0 1
811 por 4 4 33 1 3 0.68 5 1 1 7.95 56.1 3.73 160 60.3 23.55 3 0 2 2 0 1
812 por 0 0 40 2 3 0.51 4 5 1 10.11 27 0.69 155 55 22.89 1 0 2 2 4 5
813 por 0 0 35 2 2 0.49 6 1 1 9.22 136.6 4.1 153 51.6 22.04 3 0 2 2 0 1
814 non por 4 3 32 2 2 0.86 6 2 2 8.79 17.5 3.93 148 38.2 17.44 5 0 2 2 0 2
815 non por 3 3 33 1 5 0.99 5 1 1 7.44 51.1 5.01 156 52 21.37 2 1 2 2 0 1
816 non por 4 3 30 1 0 0.65 2 1 1 10.56 28.34 4.45 167 62.5 22.41 1 1 2 1 0 1
817 por 2 1 35 1 10 0.84 7 2 1 7.82 80.5 2.84 159 51.4 20.33 1 1 2 2 1 2
818 por 0 0 35 1 2 0.17 3 2 2 22.64 24.6 10.4 157 52.3 21.22 3 1 1 2 0 2
819 por 1 1 33 2 1 1.1 6 1 1 9.88 30.5 8.01 162 50.9 19.39 4 1 2 2 0 1
820 por 0 0 32 1 3 0.41 2 2 2 18.68 25.6 5.68 168 57.4 20.34 5 0 2 1 0 2
821 por 0 0 41 1 0 0.54 4 1 1 10.37 42.1 6.6 159 52 20.57 1 0 2 2 0 1
822 por 1 0 43 2 4 0.77 5 1 1 17.93 30.4 5.79 152 47 20.34 5 0 2 2 0 1
823 por 5 5 36 2 6 0.59 6 4 1 11.49 18.7 5.15 157 47.7 19.35 4 1 2 2 3 4
824 non por 1 1 38 1 7 0.75 4 2 1 10.22 46.4 6.26 152 50 21.64 2 0 2 2 1 2
825 non por 1 0 37 2 3 0.36 2 2 2 5.77 17 2.99 157 62.4 25.32 1 0 2 1 0 2
826 por 1 1 43 2 1 0.29 7 2 2 8.19 39.4 2.27 162 62 23.62 1 0 1 2 0 2
827 non por 7 6 39 1 3 0.67 7 2 2 11.24 15.26 6.83 150 52.7 23.42 2 0 2 2 0 2
828 por 0 0 41 2 1 0.62 5 1 1 8.57 34.4 4.01 163 64.1 24.13 5 0 2 2 0 1
829 por 2 2 35 1 4 0.69 4 1 1 NA NA NA 162 54.5 20.77 3 1 2 2 0 1
830 por 2 1 42 2 5 0.05 2 1 1 17.33 31.8 5.06 162 50.2 19.13 3 0 1 1 0 1
831 por 4 2 37 2 2 0.8 6 1 1 5.03 46.3 2.55 153 59.5 25.42 3 0 2 2 0 1
832 por 3 2 39 2 3 0.28 6 1 1 7.01 23.6 2.96 158 72.2 28.92 4 0 1 2 0 1
833 por 2 2 41 2 13 0.72 5 2 2 8.37 41.6 2.91 153 56.9 24.31 5 0 2 2 0 2
834 por 0 0 33 1 8 0.35 4 3 1 5.26 158.3 2.03 157 49.8 20.2 3 0 2 2 2 3
835 por 3 2 36 1 8 0.29 2 1 1 8.53 49.4 3.59 148 46.4 21.18 1 0 1 1 0 1
836 non por 0 0 22 1 1 0.12 6 1 1 12.4 15.7 2.66 150 56 24.89 1 0 1 2 0 1
837 non por 2 1 31 2 3 0.94 6 1 1 9.11 37.2 3.15 160 62.4 24.38 1 0 2 2 0 1
838 por 1 0 46 2 1 0.29 4 2 2 8.7 31.1 4.81 160 88.4 34.53 1 0 1 2 0 2
839 por 5 4 44 2 2 0.91 5 5 2 5.39 80 4.84 163 60.5 22.77 2 0 2 2 3 5
840 por 0 0 41 2 5 0.59 7 3 2 11.5 33.1 6.04 163 53 19.95 1 0 2 2 1 3
841 non por 5 5 34 2 4 0.93 6 1 1 7.35 62.1 5.65 156 54 22.19 1 0 2 2 0 1
842 por 1 1 36 1 6 0.83 6 4 1 5.44 58.3 1.88 160 59.2 23.13 5 0 2 2 3 4
843 non por 1 1 38 2 8 0.36 4 1 1 9.5 10.6 4.99 169 67.6 23.67 1 0 2 2 0 1
844 non por 2 2 37 2 19 0.72 5 1 1 4.76 60.2 4.66 149 54.6 24.59 2 0 2 2 0 1
845 non por 1 1 35 2 3 0.53 4 1 1 1.55 88.83 1.63 168 58.5 20.73 1 0 2 2 0 1
846 por 2 2 37 2 1 0.33 1 2 2 8.66 50.2 2.46 150 55.5 24.67 4 0 2 1 0 2
847 non por 0 0 39 2 8 0.17 2 1 1 10.93 29.2 4.24 154 67.5 28.46 5 0 1 1 0 1
848 por 3 3 40 2 2 0.95 4 2 2 10.23 35.7 5.97 165 60 22.04 2 0 2 2 0 2
849 por 2 2 36 2 8 0.54 3 4 1 7.78 77.1 2 160 63.8 24.92 2 0 2 2 3 4
850 por 3 3 42 2 13 0.68 4 2 2 11.2 35.9 4.84 152 65.3 28.26 1 0 2 2 0 2
851 non por 3 3 34 2 3 0.16 4 5 4 5.95 108.1 2.7 167 63.4 22.73 1 0 1 2 1 5
852 non por 3 2 32 1 4 0.34 2 1 1 10.1 92.4 6.69 157 54.5 22.11 4 0 2 1 0 1
853 non por 1 0 38 2 4 0.36 3 2 2 14 47.7 9.51 150 49.5 22 5 0 2 2 0 2
854 non por 2 1 37 2 3 0.66 3 2 1 13.58 32.3 1.64 153 47.3 20.21 5 0 2 2 1 2
855 non por 6 6 36 2 10 0.36 2 2 2 13.56 24.7 3.49 161 65.3 25.19 5 0 2 1 0 2
856 por 2 2 40 1 3 0.66 5 1 1 8.8 100.3 7.92 158 59.3 23.75 5 0 2 2 0 1
857 non por 1 1 29 1 2 0.61 7 1 1 7.99 70.4 2.66 153 44.5 19.01 1 1 2 2 0 1
858 por 1 1 42 2 3 0.69 4 2 2 6.45 45.5 3.42 149 43.4 19.55 5 0 2 2 0 2
859 por 2 1 37 2 1 0.3 4 3 3 8.93 43 5.99 165 67 24.61 3 0 1 2 0 3
860 non por 2 2 35 1 5 0.72 1 3 1 8.63 48.4 2.4 152 45 19.48 2 0 2 1 2 3
861 non por 1 1 30 2 5 0.49 4 1 1 5.31 65.7 2.43 155 63.6 26.47 1 0 2 2 0 1
862 por 0 0 45 1 10 0.36 4 3 1 7.73 30.7 4.03 155 56.4 23.48 4 0 2 2 2 3
863 por 4 4 46 2 3 0.27 2 4 1 18.18 94.2 5.37 160 55 21.48 5 0 1 1 3 4
864 por 1 0 45 2 23 0.09 1 2 2 5.13 162.7 4.92 156 62.6 25.72 1 0 1 1 0 2
865 non por 5 4 30 1 2 0.96 6 1 1 5.57 45.6 4.66 157 56.7 23 1 1 2 2 0 1
866 non por 3 2 30 1 2 0.63 5 1 1 8.69 37.3 5.4 158 66.2 26.52 5 1 2 2 0 1
867 non por 5 2 37 1 7 0.99 5 1 1 3.72 50 3.59 156 52.8 21.7 1 0 2 2 0 1
868 por 2 2 34 1 5 0.46 2 2 1 17.27 28.7 7.11 150 46.5 20.67 5 1 2 1 1 2
869 non por 0 0 35 1 7 0.09 3 1 1 5.57 40.4 2.9 153 57.5 24.56 2 0 1 2 0 1
870 por 2 2 28 2 7 0.87 3 2 2 8.22 38.3 2.32 150 58.6 26.04 1 0 2 2 0 2
871 non por 4 2 36 2 1 1.1 6 1 1 6.47 73.3 3.87 155 52 21.64 4 0 2 2 0 1
872 non por 5 4 34 2 2 1.07 4 1 1 6.98 61.6 3.08 159 55 21.76 1 1 2 2 0 1
873 por 0 0 43 2 8 0.91 5 2 1 5.55 75.3 4.86 154 55.3 23.32 3 0 2 2 1 2
874 non por 2 2 30 2 7 0.42 6 2 2 14.39 20.2 7.79 155 48 19.98 1 0 2 2 0 2
875 por 2 0 41 2 0 0.49 4 10 1 9.39 20.9 7.53 165 61.8 22.7 1 0 2 2 9 6
876 por 1 1 28 1 2 0.27 5 2 2 7.8 51.1 3.89 155 63 26.22 3 0 1 2 0 2
877 por 5 3 27 1 7 0.82 3 2 2 12.5 51.4 4.48 158 39.7 15.9 3 1 2 2 0 2
878 non por 4 4 36 1 3 0.83 3 1 1 8.35 75.2 4.32 165 54 19.83 5 0 2 2 0 1
879 por 2 0 34 2 5 0.16 4 3 2 18.11 31.2 2.98 157 47.9 19.43 1 0 1 2 1 3
880 por 0 0 35 2 5 0.04 2 2 2 40.96 16.2 16.07 154 40.4 17.03 1 0 1 1 0 2
881 por 2 2 30 1 4 1.07 2 4 2 10.88 22.7 4.36 159 51 20.17 3 0 2 1 2 4
882 por 7 6 33 1 5 0.5 2 6 2 15.13 37 6.95 148 49.7 22.69 1 1 2 1 4 6
883 non por 1 1 37 1 10 0.23 4 7 1 8.5 123.7 2.9 158 51.7 20.71 1 0 1 2 6 6
884 por 6 5 38 1 4 0.71 2 2 1 8.42 51.6 4.38 152 52 22.51 1 0 2 1 1 2
885 non por 1 1 35 2 9 0.21 3 1 1 9.51 16.6 2.73 150 46.6 20.71 5 0 1 2 0 1
886 por 0 0 41 1 17 0.71 4 3 2 22.65 19.8 7.57 156 52 21.37 2 0 2 2 1 3
887 por 0 0 41 2 3 0.53 4 1 1 7.24 44.1 2.78 158 50.3 20.15 3 0 2 2 0 1
888 por 1 1 39 1 8 0.4 4 5 2 11.02 52.1 2.74 162 54.6 20.8 1 0 2 2 3 5
889 non por 2 2 38 2 9 1.05 3 3 1 5.28 37.6 3.44 157 47.5 19.27 1 0 2 2 2 3
890 non por 2 2 38 2 4 0.46 4 2 2 6.87 63.8 6.47 163 47.5 17.88 3 1 2 2 0 2
891 por 1 0 38 2 2 0.62 2 1 1 6.9 31.9 3.49 162 73.2 27.89 1 0 2 1 0 1
892 por 1 1 42 2 15 0.51 3 1 1 6.94 85.6 3.41 157 54.5 22.11 5 0 2 2 0 1
893 non por 1 0 31 1 2 0.81 5 1 1 5.91 115.7 4.87 157 51.3 20.81 4 0 2 2 0 1
894 por 4 2 41 2 17 0.98 7 1 1 7.26 41 3.48 156 59 24.24 1 0 2 2 0 1
895 non por 0 0 34 1 2 0.51 2 1 1 7.62 48.3 2.14 168 77.5 27.46 5 0 2 1 0 1
896 non por 1 1 33 2 2 0.54 7 1 1 6.81 28.1 3.35 162 40.8 15.55 4 0 2 2 0 1
897 por 0 0 43 2 2 0.71 3 1 1 4.65 157.4 5.46 161 57 21.99 1 0 2 2 0 1
898 non por 4 4 39 2 1 0.58 6 2 2 7.39 57.22 2.38 160 60.9 23.79 2 0 2 2 0 2
899 por 3 0 29 2 1 0.98 7 1 1 9.82 33.5 4.91 152 53.3 23.07 1 0 2 2 0 1
900 non por 0 0 32 2 2 0.33 6 1 1 7.2 36.3 2.42 147 56.8 26.29 5 0 2 2 0 1
901 non por 0 0 39 2 8 0.26 3 2 2 10.5 101.6 3.93 154 70.5 29.73 5 0 1 2 0 2
902 non por 0 0 38 1 1 0.52 7 1 1 8.06 20.6 7.44 151 44.4 19.47 1 0 2 2 0 1
903 non por 4 4 29 2 2 0.42 7 2 1 6.66 27.7 3.42 153 47.7 20.38 3 0 2 2 1 2
904 non por 1 1 32 2 4 0.58 3 2 1 12.72 47.3 6.52 162 53.3 20.31 1 0 2 2 1 2
905 non por 1 1 39 2 3 0.39 4 1 1 15.49 10.6 3.97 155 64.3 26.76 5 0 2 2 0 1
906 non por 1 0 35 1 3 0.69 5 1 1 7.69 77.9 3.77 150 43.2 19.2 1 0 2 2 0 1
907 por 1 1 31 1 2 0.84 5 1 1 7.8 51.77 3.21 148 55.2 25.2 1 0 2 2 0 1
908 por 3 2 39 2 9 0.34 6 1 1 13.44 36.9 6.27 164 60.6 22.53 4 0 2 2 0 1
909 non por 1 1 32 1 2 0.19 3 1 1 5.66 80.5 2.29 153 63 26.91 5 1 1 2 0 1
910 por 1 1 40 2 6 0.17 2 2 2 7 35.8 7.76 153 46.4 19.82 5 0 1 1 0 2
911 por 0 0 45 2 4 0.1 2 1 1 21.77 15.7 8.66 155 50.8 21.14 3 0 1 1 0 1
912 por 3 2 31 2 0 0.35 5 3 1 22.42 17.7 6.62 158 45.2 18.11 3 1 2 2 2 3
913 por 1 0 41 2 1 0.23 4 2 1 9.71 19.4 2.1 156 68.2 28.02 1 0 1 2 1 2
914 non por 2 1 34 1 9 0.94 3 1 1 12.12 61.7 3.61 153 44.5 19.01 1 0 2 2 0 1
915 por 2 1 35 1 4 1.03 4 1 1 9.32 53.6 7.15 154 52.8 22.26 2 1 2 2 0 1
916 non por 1 1 39 1 15 0.47 7 2 1 3.54 205.4 2.29 163 60 22.58 4 1 2 2 1 2
917 por 2 1 29 1 3 0.42 4 3 1 8 26.4 3.15 151 57.8 25.35 3 0 2 2 2 3
918 non por 5 4 36 2 6 0.6 3 1 1 5.03 56.1 1.92 157 60.9 24.71 1 1 2 2 0 1
919 por 1 0 31 2 7 0.18 2 2 1 4.05 387.24 6.8 151 40 17.54 3 0 1 1 1 2
920 por 0 0 44 2 5 0.94 4 1 1 9.58 41 5.77 158 52 20.83 1 0 2 2 0 1
921 non por 0 0 29 2 3 0.19 3 1 1 9.24 41.4 2.81 149 57 25.67 5 0 1 2 0 1
922 por 0 0 42 2 15 0.34 3 1 1 3.6 52 1.06 164 59.1 21.97 3 0 2 2 0 1
923 por 0 0 41 1 16 0.29 5 3 1 9.98 13.2 3.83 153 58.4 24.95 1 0 1 2 2 3
924 non por 1 0 35 1 1 0.44 3 1 1 6.34 34.5 5.33 156 53.4 21.94 5 0 2 2 0 1
925 por 2 2 36 2 2 0.36 2 7 1 19.34 68.3 6.25 157 53.9 21.87 1 1 2 1 6 6
926 por 1 1 37 2 3 0.72 4 5 1 16.7 45.2 8.35 166 54.5 19.78 4 0 2 2 4 5
927 por 0 0 39 2 11 0.64 2 2 1 17.23 32.7 7.94 155 47.2 19.65 3 0 2 1 1 2
928 non por 3 2 33 2 11 0.76 4 1 1 10.84 70.1 4.1 165 56.8 20.86 5 0 2 2 0 1
929 por 0 0 41 2 5 0.58 2 1 1 7.42 44.1 2.96 157 63.8 25.88 5 0 2 1 0 1
930 por 0 0 42 1 6 0.15 3 1 1 6.64 35.4 4.15 152 58.5 25.32 2 0 1 2 0 1
931 por 2 2 45 2 6 0.72 6 1 1 7.22 29.1 2.36 156 62.2 25.56 1 0 2 2 0 1
