-4.74019282150205 -2.71862190443174 8.17910246302481 4.06907859127823
18.1062431094456 13.2822266253839 5.49492532183361 -6.83934083437475
-1.73760937115084 -3.99588254911835 0.666076775260491 9.01075788060156
-0.555037487202347 -4.03720957398904 -2.53813997497931 -8.58901875756299
7.1587369530903 -4.43657662686218 1.44254510638609 -5.05851241466663
-7.30385441957017 -6.90864472936021 10.0123124436948 -0.600901804059741
7.91068853129677 -13.8150042184565 1.8725576897344 -0.596274186436948
-20.983623767583 -22.2257693801863 -7.80426258380415 -19.6294728431577
-5.75380152912285 10.354076090805 12.0665100736284 0.13381043389376
14.1048939925365 9.04967958542501 8.20112303991471 19.2954822710708
10.7731801934914 8.18177467437662 2.10538050310873 17.3872631600348
2.38630002645275 -21.9304679221608 2.06189606720702 -1.12551016965528
22.6456457575191 6.13001582961607 -5.04883552800803 16.8234464663586
-7.74351935286096 3.05903088905437 -0.269562994801026 -2.80723675331956
5.29273086587971 -4.6687077207948 1.07381392624972 4.34550051035539
2.34303528610123 17.8023165264508 3.63406080911177 8.81482305266927
-7.39189131034335 3.80960424867185 -6.81621452070242 3.45521399971966
-4.44514898435983 4.50326373086934 0.414041663290281 13.5928517224244
-7.67341868695034 3.07716586667537 -5.12638211376805 -3.76385254725908
8.80337708335487 0.170654302677098 1.01374420596457 1.08993853089796
-5.12932943875506 -6.11416304423649 -16.74475256873 -4.58031298018141
11.2583765065658 7.75580850921321 9.99765480803565 10.0590758430068
2.88605002330115 -12.2175543610008 -6.06251218165598 16.0461865190997
0.950369647341579 1.98026272961797 -4.54242352691672 25.4557718679551
10.2864302709017 7.130246897882 -10.3793965560643 -7.5807107174086
-5.09259934297542 -18.247916921414 1.33465374073964 22.1676876272013
8.50238197724029 2.34127695503091 6.41834581101542 -15.3573179945753
12.2718392279005 4.83967534602528 9.32735618506364 -20.4483733639007
-27.4857987000888 -1.22952780941516 5.68877661070438 -23.8491988261022
-19.5864043721404 6.8032410391827 9.09716912492011 -7.11952950421515
-1.95661752531674 15.8624656650705 -6.363759376121 12.8950667102637
24.4215177012787 9.28024927291618 4.97906159315857 8.68536145457899
-10.4879520243559 16.1119200333817 8.35531542243172 -24.274567371284
-4.52390269275656 7.36119205690472 10.8294606998858 -12.4721173970021
-21.7125446488647 2.0290743442226 4.1721429906949 -21.75206395543
2.86263287883229 -4.53572633220165 -12.8194800453821 1.12761841943153
5.28134883070261 -12.0627577532289 -7.25008028040822 11.9044461945829
0.223250610271568 6.40577806003544 8.80694836639361 -40.7879520457318
-2.79561571635004 -11.0195518803433 -3.7433990293644 -5.90602211295449
5.55179579164881 10.3743609168781 -1.27965274306182 8.66023766937439
4.61715003650462 2.01829471222881 11.3990965950755 -5.62127434800888
12.3041187315363 -12.3204329349301 -7.96581149721246 12.1555466638013
-1.17234519036064 5.13563923968292 11.4072158862034 12.0998305576154
-14.0744775197146 -13.0484610212042 -7.53573677080155 -7.15185583504466
-24.3905088217288 -42.4193902169683 4.23504258737312 -10.663799795765
-3.75253510920348 -2.72334878817287 2.5515688404668 4.81795015624938
19.4668353760986 7.87206033093677 3.74190912066531 1.03314463382466
-2.23816100150866 9.97032434272272 1.35438663632982 -9.37394141029492
5.09430830707254 5.44474647580307 3.80122909975534 -12.0866785529295
4.47410250782267 11.911193006273 -2.01323016327926 -2.35665218685909
13.1902441603914 4.86244361515883 -7.24094155181404 9.11058996458269
5.94078818885391 -7.86623275034356 2.96879201190647 8.11255058513286
-2.36607201745246 -4.07282489145117 -12.7327817505667 3.75963176138515
-15.0804285256485 5.36355491659093 -23.2396225586335 -8.88891388815141
-13.8220081653556 -8.04868896410755 10.084845158947 -22.9331406663765
3.81460974991127 -10.8791951862314 -3.38929310231842 3.39017850089875
-20.7286196380315 -8.26308039071796 0.920054488341186 -16.0559673623086
-15.693923089099 -13.7347808742119 4.13367420150288 -10.448756345816
18.9812595438468 13.9981048804374 4.46071418032035 20.3541479905353
-7.42247482025485 -3.16258671489594 -9.02978624808058 -25.7305481713075
-1.4483379611687 -4.33637637471731 -4.19945567026766 -8.06212916876574
-5.83730335448393 -13.0326248875574 -6.7831403395087 5.36715640609156
-0.445189499525175 -9.50923035410817 5.43631774709187 -1.43545351384547
6.97853573870328 8.4880525002876 8.32486400990868 -4.32969296471372
-0.612169942504769 12.2659128171144 9.21050488553764 7.42889557751982
1.87864248628325 11.2443472192887 -1.78921134904852 10.5712253790716
3.89533697279045 -3.55909088708192 -10.2545592385548 -4.22365361794086
10.5627679966264 12.5802350382108 2.64004217464737 17.1384464251566
-0.41445769055568 -8.53836116097242 5.4328134597854 11.1029615899714
4.16331854159378 11.4379026362803 0.737573228805227 12.4178540745239
1.41947757856089 0.18173476229791 3.64013578882754 3.70009435944554
22.1740167030983 9.32006836537566 5.28760911036844 0
-7.22083928819922 -0.929809360613393 -7.28707378438374 16.9140061346385
-2.15679245168645 4.19803633519516 -0.652121699026546 10.6867679315867
-2.1424882440794 -5.44899772856753 -4.05303703800418 -4.48948607243229
0.677102478569982 3.86869168632342 7.45247424357784 3.62663533268448
-3.27969895153382 7.46769531104956 -0.402709788471472 8.00008606441156
2.60945562372435 10.9304527806817 -1.09800608431631 -7.78112824888876
-7.69350414741224 -0.66772432533252 -2.86196633705369 -13.5960626539743
-3.13152438824305 3.23761889011773 5.77650076025244 1.37155108859413
2.79283475588169 -1.15565200847496 1.59432286044284 11.2886623326288
-9.70771399593737 -3.38877586673571 1.24343717801764 -4.41995671020573
1.39107946842202 7.46945857765876 -1.58418216532871 10.9638850517389
3.73853761059934 -3.41784865703338 10.5956038299013 -0.300651504036489
-8.46084481551385 -2.28592941460826 -2.98078732571547 -8.8704445785724
-1.80926900724673 8.73733114834382 2.13171660775949 -0.509596238836993
-19.3094577964018 6.15550123982694 1.36060169205768 -4.2393019600831
-9.67400015123718 1.79695757342082 5.86292205621428 2.4415501027777
18.2758961118734 7.49117204900435 -1.88913226604142 12.4280989264947
7.54209669415414 3.23355260974713 1.58359468820307 5.21568713975637
7.96804882338413 0.0151988449170399 -4.38996422900184 14.8344140171636
-5.95897200120887 1.89081096875112 -3.26967604867577 3.25155916766799
-11.0606473888923 1.37806097227664 -6.23989449972285 0.864651095225489
-11.0784085548758 -4.99384231665369 2.15814364335782 0.58836572922671
-20.1482358104505 5.71239132448099 -13.2437134400633 8.35080809411302
-12.0183163660615 2.96199654195827 4.46014035479774 -6.25202924652071
21.4247296727409 -2.78615533835975 9.65085523780871 0.529794109329798
-15.7203668792333 6.62660905298766 2.3589565433086 -5.94146041831337
4.61839137044209 6.9607216072 -3.94739452138132 6.99271016247141
7.29651050441132 6.84368502691333 1.32162789626164 -7.05222546831662
17.2218189231267 0.119728297061037 -0.093643832153403 -1.22527594087015
10.0931622573693 -1.62269476648749 2.10870961304213 -4.31162910736281
7.87252247893597 -5.63756614470214 9.72673541974985 12.180073167379
-9.08835916180876 -2.90941602043765 1.92809226044989 2.68765674872221
13.0872109864353 5.13934393728741 -0.287914075084344 6.89932714868714
4.87044462100383 1.27276586242164 -1.56701378051154 -8.07763100272878
-16.9348077490243 10.6449722256893 -1.80529788241491 -3.93595227868928
4.9718304742254 0.349588227668415 4.29972269857809 -7.29632429908468
6.67329865361052 0.807133893021807 8.99586129531915 -3.51433568794606
-2.12348724698067 -2.20135295403605 3.01081658768126 -6.93532935740464
-4.02992145268649 1.87324470143471 2.13739411553087 -4.41577603391803
1.90729493812826 4.49752776867924 2.03123013118783 -1.94295369030567
-3.22133223646516 8.19264707387982 -0.478040796467334 4.84329575215903
23.1444998753507 -4.50392078102791 -5.09659795398476 -2.44863588621342
-15.4150513160606 7.28814345496276 -4.84961573936601 -4.0939709781758
-4.44943543869432 -6.36684997159906 2.37829306625186 -0.235677501377695
17.7211857821997 8.22516507767149 3.24110414169515 9.18177246399499
6.56444718485682 -6.28950723396559 2.44106216151412 1.3933476693788
-26.4560775031554 -5.95536330297206 5.15587091619328 -16.2613051574177
-18.1048367643346 -5.64592465496655 -2.39321018519873 0.748591052379325
